  -6.0000000e-03   1.0000000e-01  -3.7880451e-01  -2.3713531e+00  -1.5000000e+00   6.1369082e-03   3.2134900e+02   2.6526994e-03   1.0000000e+00             Inf
  -4.0000000e-02   2.0461263e-02  -4.8031055e-01  -2.4221545e+00  -1.6942117e+00   2.1201452e-02  -1.9510803e+02   1.9604815e-02   1.0000000e+00             Inf
  -3.9148565e-02   9.5706624e-02  -4.5216509e-01  -2.4268575e+00  -1.5102886e+00   2.0012094e-03   7.4353790e+01   7.4649193e-03   1.0000000e+00   1.3493530e-01
  -3.9927949e-02   7.5670150e-02  -4.6429152e-01  -2.5000000e+00  -1.6477968e+00   2.0000000e-03   1.3156602e+01   7.4652014e-03   1.0000000e+00   1.2328507e-01
  -3.9880759e-02   8.1373446e-02  -4.5777018e-01  -2.3598839e+00  -1.6972173e+00   2.3683932e-02  -1.1693222e+02   1.4197232e-02   1.0000000e+00   1.0531646e-01
  -3.9992192e-02   7.9349192e-02  -4.7924888e-01  -2.4688208e+00  -1.6416871e+00   1.9563301e-02  -9.6318215e+01   1.2802871e-02   1.0000000e+00   1.0144173e-01
  -4.0000000e-02   8.8356897e-02  -4.6448980e-01  -2.5000000e+00  -1.6396748e+00   2.5751228e-02  -8.7697147e+01   1.2171262e-02   1.0000000e+00   9.4610659e-02
  -1.1597297e-02   9.1893758e-02  -3.5145535e-01  -2.3608729e+00  -1.5087971e+00   6.2342404e-03   2.2995865e+02   5.7246668e-03   1.0000000e+00   9.4223545e-02
  -3.8872122e-02   9.3724875e-02  -4.6873032e-01  -2.4859086e+00  -1.6335316e+00   2.5137615e-02  -5.7933850e+01   1.0916592e-02   1.0000000e+00   9.2638709e-02
  -4.0000000e-02   6.9773885e-02  -4.6721761e-01  -2.3889569e+00  -1.7517190e+00   1.7960043e-02  -1.3410844e+02   1.4762989e-02   1.0000000e+00   9.0343368e-02
  -9.9172079e-03   9.6623762e-02  -3.6662440e-01  -2.3698639e+00  -1.5010552e+00   6.1935000e-03   2.6734975e+02   4.2105566e-03   1.0000000e+00   8.6533930e-02
  -1.1260365e-02   9.6328828e-02  -3.6792898e-01  -2.3646914e+00  -1.5115891e+00   6.1183092e-03   2.4769788e+02   4.9226498e-03   1.0000000e+00   8.6057886e-02
  -3.9933084e-02   4.1475458e-02  -4.8849167e-01  -2.4200887e+00  -1.7054865e+00   1.9509115e-02  -1.7522587e+02   1.7533086e-02   1.0000000e+00   8.5956930e-02
  -3.9825379e-02   9.0686725e-02  -4.6285078e-01  -2.4879133e+00  -1.6419298e+00   2.4132795e-02  -8.0928077e+01   1.1704184e-02   1.0000000e+00   8.4080119e-02
  -3.9983142e-02   8.4556050e-02  -4.6365978e-01  -2.3630253e+00  -1.6840525e+00   2.3329607e-02  -1.0284920e+02   1.3393565e-02   1.0000000e+00   8.3482394e-02
  -6.2887977e-03   9.8305427e-02  -3.8376580e-01  -2.3700000e+00  -1.5151339e+00   4.9296779e-03   3.1004076e+02   3.2230169e-03   1.0000000e+00   8.2656467e-02
  -1.5460358e-02   1.0000000e-01  -4.9765305e-01  -2.3876987e+00  -1.5916323e+00   1.1891363e-02   1.2255157e+02   7.3145095e-03   1.0000000e+00   8.0925550e-02
  -3.9974576e-02   3.5579721e-02  -4.8589966e-01  -2.4176310e+00  -1.7064095e+00   2.2897244e-02  -1.8833979e+02   1.8906752e-02   1.0000000e+00   8.0602250e-02
  -3.9992999e-02   9.7751597e-02  -4.4849481e-01  -2.4053529e+00  -1.7315804e+00   2.0000000e-03  -1.8620019e+01   8.9825917e-03   1.0000000e+00   8.0353839e-02
  -3.8232588e-02   9.3008442e-02  -4.5520827e-01  -2.4257761e+00  -1.5000000e+00   2.0000000e-03   8.4075688e+01   7.3293827e-03   1.0000000e+00   8.0011470e-02
  -1.3736388e-02   1.0000000e-01  -4.9793630e-01  -2.3877079e+00  -1.5726184e+00   1.1701730e-02   1.5005079e+02   6.6921951e-03   1.0000000e+00   7.9762892e-02
  -4.0000000e-02   6.7674442e-02  -4.6682339e-01  -2.3905875e+00  -1.7586583e+00   1.7944566e-02  -1.3815194e+02   1.5032230e-02   1.0000000e+00   7.6901770e-02
  -3.9641634e-02   9.5877288e-02  -4.8327956e-01  -2.4994308e+00  -1.7855500e+00   4.4528470e-03  -5.0441526e+01   1.0244840e-02   1.0000000e+00   7.6305004e-02
  -3.9998957e-02   3.8780740e-02  -4.9065714e-01  -2.4134027e+00  -1.6890975e+00   1.8129847e-02  -1.6408301e+02   1.7150641e-02   1.0000000e+00   7.5309292e-02
  -3.9995455e-02   8.3973319e-02  -4.6359632e-01  -2.3592391e+00  -1.6965642e+00   2.3900142e-02  -1.0937455e+02   1.3789515e-02   1.0000000e+00   7.4676545e-02
  -1.0567971e-02   9.9982643e-02  -4.9389345e-01  -2.3918914e+00  -1.5554468e+00   1.1362869e-02   2.0128909e+02   5.7957924e-03   1.0000000e+00   7.0956826e-02
  -4.0000000e-02   4.1044213e-02  -4.8642670e-01  -2.4187782e+00  -1.6959713e+00   2.1146112e-02  -1.8154256e+02   1.8034703e-02   1.0000000e+00   6.7527587e-02
  -4.0000000e-02   3.6174341e-02  -4.8689555e-01  -2.4180482e+00  -1.6849233e+00   2.1227461e-02  -1.8371396e+02   1.8399209e-02   1.0000000e+00   6.4603135e-02
  -3.8931175e-02   9.9471412e-02  -4.6840588e-01  -2.4857009e+00  -1.6338314e+00   2.5231510e-02  -3.8493113e+01   9.8266464e-03   1.0000000e+00   6.4460565e-02
  -1.3061819e-02   1.0000000e-01  -3.8300110e-01  -2.3666596e+00  -1.5089790e+00   5.7988068e-03   2.3235346e+02   5.2181569e-03   1.0000000e+00   6.3795832e-02
  -3.9612549e-02   6.6484937e-02  -4.6140545e-01  -2.3858780e+00  -1.7799607e+00   1.9934134e-02  -1.4575471e+02   1.5684361e-02   1.0000000e+00   5.9637880e-02
  -1.4556501e-02   1.0000000e-01  -4.9885822e-01  -2.3875417e+00  -1.5735037e+00   1.1822347e-02   1.3888040e+02   6.8664360e-03   1.0000000e+00   5.6186330e-02
  -6.0473892e-03   1.0000000e-01  -3.7340407e-01  -2.3714934e+00  -1.5000000e+00   6.0989243e-03   3.2043340e+02   2.6818696e-03   1.0000000e+00   5.5538638e-02
  -3.9998286e-02   2.3272610e-02  -4.8009389e-01  -2.4219965e+00  -1.6931900e+00   2.0938064e-02  -1.9434684e+02   1.9416576e-02   1.0000000e+00   5.4283708e-02
  -1.1682883e-02   9.9668520e-02  -5.0000000e-01  -2.3896811e+00  -1.5565565e+00   1.1410033e-02   1.8337288e+02   6.0985325e-03   1.0000000e+00   5.2836359e-02
  -1.1001141e-02   1.0000000e-01  -4.9007306e-01  -2.3900361e+00  -1.5554653e+00   1.1358287e-02   1.9658034e+02   5.8319302e-03   1.0000000e+00   5.2549150e-02
  -1.3089220e-02   1.0000000e-01  -4.9927963e-01  -2.3876974e+00  -1.5589615e+00   1.1456324e-02   1.6450673e+02   6.3554415e-03   1.0000000e+00   5.2326909e-02
  -9.1338683e-03   9.5806144e-02  -3.6262301e-01  -2.3688567e+00  -1.5000000e+00   6.1168386e-03   2.7422421e+02   4.0599535e-03   1.0000000e+00   4.9385466e-02
  -4.0000000e-02   4.0555285e-02  -4.9025094e-01  -2.4169278e+00  -1.6826204e+00   1.7848236e-02  -1.5812735e+02   1.6817673e-02   1.0000000e+00   4.9201104e-02
  -3.9999993e-02   5.6724035e-02  -5.0000000e-01  -2.4091255e+00  -1.7400486e+00   2.0115516e-03  -2.9516800e+01   9.3862989e-03   1.0000000e+00   4.8789433e-02
  -4.0000000e-02   7.9402714e-02  -4.6554194e-01  -2.4978182e+00  -1.6612553e+00   4.5834262e-03  -1.0773898e+01   8.5386564e-03   1.0000000e+00   4.7420258e-02
  -1.1807083e-02   1.0000000e-01  -4.9875233e-01  -2.3892022e+00  -1.5599032e+00   1.1611519e-02   1.7916602e+02   6.1560130e-03   1.0000000e+00   4.7213597e-02
  -8.0608730e-03   9.9895131e-02  -3.7733864e-01  -2.3741985e+00  -1.5000000e+00   5.3544330e-03   2.9639083e+02   3.2939014e-03   1.0000000e+00   4.5721583e-02
  -3.9496426e-02   9.2054770e-02  -4.7583230e-01  -2.5000000e+00  -1.6274422e+00   2.4629444e-02  -6.7448981e+01   1.1257011e-02   1.0000000e+00   4.5704318e-02
  -3.9971938e-02   4.3889864e-02  -4.9185239e-01  -2.4154092e+00  -1.6753135e+00   1.7622298e-02  -1.4913847e+02   1.6357397e-02   1.0000000e+00   4.5641631e-02
  -3.9463201e-02   9.2128530e-02  -4.7606463e-01  -2.4999939e+00  -1.6342163e+00   2.4397017e-02  -7.0247016e+01   1.1318707e-02   1.0000000e+00   4.5278474e-02
  -4.0000000e-02   7.4866256e-02  -4.6689167e-01  -2.5000000e+00  -1.6498785e+00   4.4557329e-03  -4.6415357e+00   8.3354742e-03   1.0000000e+00   4.3994287e-02
  -8.8317268e-03   9.9250289e-02  -3.8125748e-01  -2.3670708e+00  -1.5094477e+00   5.4263563e-03   2.8400622e+02   3.7855261e-03   1.0000000e+00   4.3051052e-02
  -3.9463921e-02   7.6231119e-02  -4.6653430e-01  -2.4971002e+00  -1.6443432e+00   2.3648061e-03   1.1487277e+01   7.6700059e-03   1.0000000e+00   4.0623170e-02
  -1.2956932e-02   9.9996027e-02  -5.0000000e-01  -2.3869697e+00  -1.5586476e+00   1.1434035e-02   1.6624819e+02   6.3368045e-03   1.0000000e+00   4.0148564e-02
