  -3.9996947e-02   3.0000000e-03  -5.0000000e-01  -2.4999994e+00  -1.8908102e+00   1.9795909e-02  -2.0691584e+02   2.0437228e-02   1.0000000e+00             Inf
  -3.9998521e-02   6.7096594e-02  -4.2897626e-01  -2.4587092e+00  -1.6037738e+00   2.0000000e-03   5.0762587e+01   7.0678605e-03   1.0000000e+00             Inf
  -4.0000000e-02   7.4293079e-02  -4.6685212e-01  -2.4999975e+00  -1.7244703e+00   2.0393664e-03  -3.8653740e+00   7.8558802e-03   1.0000000e+00   2.1444315e-01
  -3.9999950e-02   7.1481994e-02  -4.3771159e-01  -2.4603618e+00  -1.6356738e+00   2.8062901e-03   2.9959661e+01   7.4515648e-03   1.0000000e+00   1.9305787e-01
  -3.9973956e-02   6.7411574e-02  -4.9204689e-01  -2.4968009e+00  -1.7469714e+00   2.1620034e-02  -1.5720790e+02   1.5421433e-02   1.0000000e+00   1.2513895e-01
  -3.9999879e-02   5.7716232e-02  -4.3491638e-01  -2.4993194e+00  -1.7346219e+00   2.0986592e-02  -1.7437482e+02   1.6705075e-02   1.0000000e+00   1.2224003e-01
  -3.9999778e-02   5.4785945e-02  -4.2633590e-01  -2.5000000e+00  -1.7434039e+00   2.1923705e-02  -1.8561155e+02   1.7581822e-02   1.0000000e+00   1.1182174e-01
  -3.9984832e-02   7.3919228e-02  -4.8690975e-01  -2.4958679e+00  -1.7474940e+00   2.2181832e-02  -1.4575008e+02   1.4656493e-02   1.0000000e+00   1.0568794e-01
  -3.9984008e-02   8.0384632e-02  -4.9211016e-01  -2.4983817e+00  -1.7470023e+00   2.0412850e-02  -1.2148182e+02   1.3068121e-02   1.0000000e+00   1.0443124e-01
  -3.9976987e-02   8.6890010e-02  -4.9602252e-01  -2.4995945e+00  -1.7475102e+00   2.1570518e-02  -1.1183411e+02   1.2468989e-02   1.0000000e+00   9.6070584e-02
  -3.9999543e-02   4.6629070e-02  -4.4542825e-01  -2.4984689e+00  -1.7383013e+00   2.4719024e-02  -1.9501942e+02   1.8752311e-02   1.0000000e+00   9.4792618e-02
  -3.9999925e-02   9.5365331e-02  -4.9064471e-01  -2.5000000e+00  -1.8068878e+00   3.4373836e-03  -4.6811990e+01   1.0076573e-02   1.0000000e+00   9.4547194e-02
  -4.0000000e-02   6.0130115e-02  -4.3384503e-01  -2.4994694e+00  -1.7344433e+00   2.0883387e-02  -1.6929173e+02   1.6345505e-02   1.0000000e+00   9.2785538e-02
  -3.9998704e-02   6.3817429e-02  -4.3149206e-01  -2.4993595e+00  -1.7362096e+00   2.0927903e-02  -1.6285433e+02   1.5887800e-02   1.0000000e+00   9.2556071e-02
  -3.9984323e-02   7.6736165e-02  -4.9556739e-01  -2.4985418e+00  -1.7440224e+00   2.0778599e-02  -1.3064486e+02   1.3640014e-02   1.0000000e+00   9.1000886e-02
  -3.9970213e-02   9.9963756e-02  -4.9434495e-01  -2.4949186e+00  -1.6748762e+00   2.6302959e-02  -5.3014836e+01   1.0383832e-02   1.0000000e+00   8.2959796e-02
  -3.9983704e-02   7.9118112e-02  -4.9240075e-01  -2.4981214e+00  -1.7471234e+00   2.0363102e-02  -1.2404126e+02   1.3231813e-02   1.0000000e+00   7.8336335e-02
  -4.0000000e-02   8.7691693e-02  -4.7342131e-01  -2.4647975e+00  -1.7245930e+00   2.0000000e-03  -9.9110942e+00   8.2498828e-03   1.0000000e+00   7.7073881e-02
  -3.9969074e-02   1.0000000e-01  -4.9410665e-01  -2.4948606e+00  -1.6740315e+00   2.4776203e-02  -6.0039980e+01   1.0499373e-02   1.0000000e+00   7.2774154e-02
  -3.9979786e-02   9.1921048e-02  -4.9687915e-01  -2.4987956e+00  -1.7223792e+00   2.3082840e-02  -1.0213060e+02   1.2129564e-02   1.0000000e+00   7.0268484e-02
  -3.9999980e-02   4.3967685e-03  -4.9870129e-01  -2.4953699e+00  -1.9004459e+00   2.5099048e-02  -1.9515584e+02   1.9668780e-02   1.0000000e+00   7.0226110e-02
  -3.9975279e-02   9.7958930e-02  -4.9645357e-01  -2.4999930e+00  -1.7243186e+00   2.2595137e-02  -8.7468225e+01   1.1257999e-02   1.0000000e+00   6.9960519e-02
  -3.9999934e-02   5.6605731e-02  -4.3463840e-01  -2.4990381e+00  -1.7404853e+00   2.3512365e-02  -1.8772470e+02   1.7786326e-02   1.0000000e+00   6.8241340e-02
  -3.9969717e-02   9.9799637e-02  -4.9439415e-01  -2.4941718e+00  -1.7023401e+00   2.3781982e-02  -7.4263609e+01   1.0866882e-02   1.0000000e+00   6.7626870e-02
  -3.9984323e-02   7.1172087e-02  -4.9197710e-01  -2.4953928e+00  -1.7484439e+00   2.0437724e-02  -1.4326068e+02   1.4476537e-02   1.0000000e+00   6.6396152e-02
  -3.9983956e-02   7.6173343e-02  -4.9447528e-01  -2.4971298e+00  -1.7423815e+00   2.1409740e-02  -1.3457077e+02   1.3902126e-02   1.0000000e+00   6.0458437e-02
  -3.9974113e-02   6.6538689e-02  -4.9198162e-01  -2.4967248e+00  -1.7480777e+00   2.1713679e-02  -1.5970951e+02   1.5605252e-02   1.0000000e+00   5.6795987e-02
  -4.0000000e-02   9.9708843e-02  -5.0000000e-01  -2.4999754e+00  -1.7182846e+00   2.0000000e-03  -2.6460264e+01   9.3126407e-03   1.0000000e+00   5.6244065e-02
  -3.9999788e-02   9.3507327e-02  -4.9116533e-01  -2.4991487e+00  -1.7248573e+00   2.5843840e-03  -2.1514216e+01   8.8574573e-03   1.0000000e+00   5.5983726e-02
  -3.9999901e-02   7.3310621e-02  -4.3492512e-01  -2.4581807e+00  -1.6335690e+00   2.2285246e-03   3.4817921e+01   7.2818597e-03   1.0000000e+00   5.4375687e-02
  -3.9999099e-02   8.6527593e-02  -4.9079467e-01  -2.5000000e+00  -1.8037059e+00   2.9814242e-03  -4.2391923e+01   9.6709547e-03   1.0000000e+00   5.3309662e-02
  -3.9998429e-02   5.2637696e-02  -4.4756806e-01  -2.4985610e+00  -1.7390172e+00   2.4072537e-02  -1.9169801e+02   1.8213609e-02   1.0000000e+00   5.3104778e-02
  -3.9978724e-02   9.3313725e-02  -4.9594987e-01  -2.4996055e+00  -1.7472841e+00   2.1570195e-02  -9.8368755e+01   1.1685009e-02   1.0000000e+00   5.2878021e-02
  -3.9983908e-02   7.2017487e-02  -4.9316629e-01  -2.4954355e+00  -1.7465732e+00   1.9880306e-02  -1.3745947e+02   1.4145403e-02   1.0000000e+00   5.1071254e-02
  -4.0000000e-02   8.7553682e-02  -4.7191272e-01  -2.4636263e+00  -1.7247345e+00   2.5370385e-03  -1.2544233e+01   8.4360160e-03   1.0000000e+00   5.0830528e-02
  -4.0000000e-02   7.1076576e-02  -4.3764231e-01  -2.4567020e+00  -1.6297080e+00   2.0000000e-03   3.8935772e+01   7.1903120e-03   1.0000000e+00   4.8891612e-02
  -3.9998817e-02   8.7489717e-02  -4.9022195e-01  -2.4999045e+00  -1.8055625e+00   2.0000000e-03  -3.7866386e+01   9.3388186e-03   1.0000000e+00   4.8723163e-02
  -3.9999892e-02   5.7919086e-02  -4.3513878e-01  -2.4993073e+00  -1.7346069e+00   2.0807157e-02  -1.7284130e+02   1.6610121e-02   1.0000000e+00   4.6621565e-02
  -4.0000000e-02   1.0000000e-01  -5.0000000e-01  -2.5000000e+00  -1.7183283e+00   2.0000000e-03  -2.6762392e+01   9.3371089e-03   1.0000000e+00   4.6223000e-02
  -3.9973281e-02   9.9845517e-02  -4.9329810e-01  -2.4998785e+00  -1.7209961e+00   2.2658770e-02  -8.1614958e+01   1.0949770e-02   1.0000000e+00   4.5863859e-02
  -3.9973422e-02   9.9352375e-02  -4.9322450e-01  -2.5000000e+00  -1.7220033e+00   2.2702482e-02  -8.3103641e+01   1.1021397e-02   1.0000000e+00   4.5770243e-02
  -3.9996991e-02   3.0000000e-03  -5.0000000e-01  -2.4993240e+00  -1.8913357e+00   2.0706297e-02  -2.0647234e+02   2.0326099e-02   1.0000000e+00   4.5403210e-02
  -3.9998982e-02   8.7346426e-02  -4.7222080e-01  -2.4655289e+00  -1.7253463e+00   3.0880883e-03  -1.5702021e+01   8.6289988e-03   1.0000000e+00   4.2306294e-02
  -3.9969948e-02   9.9998672e-02  -4.9425003e-01  -2.4949234e+00  -1.6907339e+00   2.4843201e-02  -6.6226583e+01   1.0671300e-02   1.0000000e+00   4.1699657e-02
  -3.9975977e-02   9.6120488e-02  -4.9510455e-01  -2.5000000e+00  -1.7343383e+00   2.2039923e-02  -9.2893496e+01   1.1448789e-02   1.0000000e+00   3.8995368e-02
  -3.9998557e-02   7.0381797e-02  -4.2732276e-01  -2.4582773e+00  -1.6191118e+00   2.0211399e-03   4.4433417e+01   7.1270994e-03   1.0000000e+00   3.8818865e-02
  -3.9998180e-02   1.1332299e-02  -5.0000000e-01  -2.4990329e+00  -1.8902768e+00   2.1594800e-02  -2.0375516e+02   1.9981250e-02   1.0000000e+00   3.7745574e-02
  -3.9969881e-02   9.9866067e-02  -4.9430282e-01  -2.4948244e+00  -1.6915759e+00   2.4473284e-02  -6.8428566e+01   1.0729804e-02   1.0000000e+00   3.6445638e-02
  -3.9998439e-02   4.9558826e-02  -4.4829158e-01  -2.4985692e+00  -1.7403383e+00   2.4130304e-02  -1.9390924e+02   1.8466142e-02   1.0000000e+00   3.4008144e-02
  -3.9999912e-02   1.8441796e-02  -4.9992735e-01  -2.4990484e+00  -1.8901860e+00   2.1625757e-02  -2.0108876e+02   1.9721134e-02   1.0000000e+00   3.2772462e-02
