  -3.9982941e-02   3.0000000e-03  -5.0000000e-01  -2.0074734e+00  -1.9453786e+00   8.6942954e-03  -1.9228485e+02   2.3406460e-02   1.0000000e+00             Inf
  -6.0000000e-03   1.0000000e-01  -3.9170151e-01  -2.5000000e+00  -1.6450045e+00   2.0000000e-03   2.4257350e+02   7.1787461e-03   1.0000000e+00             Inf
  -3.9999774e-02   9.7284412e-02  -3.1498544e-01  -2.4987628e+00  -1.6288526e+00   2.0086478e-03   4.1701164e+01   7.2154431e-03   1.0000000e+00   4.7960301e-01
  -3.9982657e-02   3.0000000e-03  -4.9890862e-01  -2.0094919e+00  -1.9470541e+00   8.9155142e-03  -1.9183595e+02   2.3349772e-02   1.0000000e+00   2.1216679e-01
  -3.9996193e-02   3.0000000e-03  -4.9800674e-01  -2.4116157e+00  -1.9220423e+00   1.8886852e-02  -1.9182142e+02   1.9980772e-02   1.0000000e+00   2.0968402e-01
  -3.9995743e-02   6.7881905e-02  -4.0458099e-01  -2.4839206e+00  -1.7962277e+00   2.4494562e-02  -1.5234651e+02   1.6321113e-02   1.0000000e+00   1.3176855e-01
  -4.0000000e-02   2.8173472e-02  -4.7874881e-01  -2.3616925e+00  -1.9756567e+00   1.9570847e-02  -1.5888611e+02   1.8140202e-02   1.0000000e+00   1.2946785e-01
  -3.9998803e-02   6.7808029e-02  -4.9775458e-01  -2.4853735e+00  -1.7856598e+00   3.3814646e-03  -5.0864157e+01   1.0071873e-02   1.0000000e+00   1.0175893e-01
  -4.0000000e-02   2.3840983e-02  -4.8054832e-01  -2.4906526e+00  -1.9039468e+00   2.2816616e-02  -1.8650286e+02   1.8961185e-02   1.0000000e+00   8.9442632e-02
  -4.0000000e-02   7.1038833e-02  -5.0000000e-01  -2.4734999e+00  -1.7783520e+00   2.3065137e-03  -3.9830451e+01   9.3792672e-03   1.0000000e+00   7.4159120e-02
  -3.9955076e-02   8.9512163e-02  -4.1380593e-01  -2.4940391e+00  -1.7860680e+00   2.4670062e-02  -1.0290684e+02   1.2647588e-02   1.0000000e+00   7.0716453e-02
  -3.9996856e-02   7.1172118e-03  -5.0000000e-01  -2.3981628e+00  -1.9295467e+00   1.8683550e-02  -1.8922193e+02   1.9830151e-02   1.0000000e+00   6.9096926e-02
  -3.9957496e-02   9.5135767e-02  -4.1832213e-01  -2.4965921e+00  -1.7797655e+00   2.5352512e-02  -8.3921045e+01   1.1473968e-02   1.0000000e+00   6.7347936e-02
  -3.9999259e-02   7.2921766e-02  -4.2210551e-01  -2.4904681e+00  -1.7967283e+00   2.2723251e-02  -1.4664248e+02   1.5349724e-02   1.0000000e+00   6.4867249e-02
  -3.9957587e-02   9.2045686e-02  -4.2274134e-01  -2.4976677e+00  -1.7737439e+00   2.5013044e-02  -9.6824544e+01   1.2146176e-02   1.0000000e+00   6.2492595e-02
  -3.9995910e-02   6.9117341e-02  -4.0501655e-01  -2.4937578e+00  -1.8048191e+00   2.4865227e-02  -1.4704181e+02   1.6092406e-02   1.0000000e+00   6.0299671e-02
  -3.9959775e-02   1.0000000e-01  -4.1348452e-01  -2.4957357e+00  -1.7787230e+00   2.4780129e-02  -6.4883269e+01   1.0095680e-02   1.0000000e+00   5.9100229e-02
  -3.9998449e-02   9.9003154e-02  -4.1071643e-01  -2.4903518e+00  -1.7096909e+00   3.3960699e-03  -1.1821536e+01   8.3979146e-03   1.0000000e+00   5.5493484e-02
  -3.9961776e-02   7.9816597e-02  -4.1391253e-01  -2.5000000e+00  -1.7806477e+00   2.3130804e-02  -1.3348534e+02   1.4246978e-02   1.0000000e+00   5.5206666e-02
  -3.9960910e-02   9.8794511e-02  -4.1038437e-01  -2.4957013e+00  -1.7740348e+00   2.4778608e-02  -6.8972434e+01   1.0355183e-02   1.0000000e+00   5.3986374e-02
  -3.9999354e-02   7.4644655e-02  -4.2132827e-01  -2.4895716e+00  -1.7964835e+00   2.1465551e-02  -1.3881863e+02   1.4680268e-02   1.0000000e+00   5.3967003e-02
  -3.9954784e-02   9.3480899e-02  -4.1687243e-01  -2.4979441e+00  -1.7760770e+00   2.5379181e-02  -9.0339893e+01   1.1870104e-02   1.0000000e+00   5.3489119e-02
  -3.9999043e-02   9.3632951e-02  -4.0537117e-01  -2.4999673e+00  -1.6854688e+00   2.5167535e-03   2.0042857e+00   7.8418468e-03   1.0000000e+00   5.1899552e-02
  -4.0000000e-02   9.9465215e-02  -3.3785990e-01  -2.4981110e+00  -1.6580513e+00   2.7495227e-03   2.1944834e+01   7.4672259e-03   1.0000000e+00   5.1726225e-02
  -3.9999985e-02   9.8480111e-02  -4.1057482e-01  -2.4902736e+00  -1.7097975e+00   5.2160863e-03  -2.0940051e+01   8.8437285e-03   1.0000000e+00   4.8661148e-02
  -3.9996922e-02   9.8928725e-02  -4.1080635e-01  -2.4903691e+00  -1.6971484e+00   4.6418551e-03  -1.5834227e+01   8.6544245e-03   1.0000000e+00   4.8441313e-02
  -3.9999983e-02   9.9037964e-02  -3.5208556e-01  -2.4864114e+00  -1.6973559e+00   2.0027049e-03   1.3584308e+01   7.5628717e-03   1.0000000e+00   4.7182434e-02
  -3.9963384e-02   8.2752847e-02  -4.1603590e-01  -2.4846685e+00  -1.7873260e+00   2.2203300e-02  -1.2049077e+02   1.3452638e-02   1.0000000e+00   4.5914855e-02
  -3.9999790e-02   7.2196319e-02  -4.9943193e-01  -2.4736939e+00  -1.7767703e+00   2.3063933e-03  -3.8810681e+01   9.3182423e-03   1.0000000e+00   4.5691307e-02
  -3.9999216e-02   9.9395657e-02  -3.3536329e-01  -2.4984956e+00  -1.6570364e+00   2.0000000e-03   2.8071603e+01   7.2640992e-03   1.0000000e+00   4.5531532e-02
  -3.9958972e-02   8.9228610e-02  -4.2413196e-01  -2.4989503e+00  -1.7754602e+00   2.5009681e-02  -1.0814873e+02   1.2871155e-02   1.0000000e+00   4.5111458e-02
  -3.9999608e-02   6.9767758e-02  -4.9980467e-01  -2.4873665e+00  -1.7639290e+00   2.0000000e-03  -3.2185831e+01   8.9230779e-03   1.0000000e+00   4.5081922e-02
  -4.0000000e-02   7.4316033e-02  -4.2382569e-01  -2.4902431e+00  -1.7968239e+00   2.2778795e-02  -1.4399413e+02   1.5153489e-02   1.0000000e+00   4.4243644e-02
  -4.0000000e-02   9.9313367e-02  -3.5173334e-01  -2.4864674e+00  -1.6979644e+00   2.7198684e-03   9.0291919e+00   7.7509128e-03   1.0000000e+00   4.3820688e-02
  -3.9999319e-02   7.3700561e-02  -4.2130629e-01  -2.4904266e+00  -1.7971714e+00   2.1492131e-02  -1.4100302e+02   1.4842200e-02   1.0000000e+00   4.1062922e-02
  -3.9958468e-02   9.6667900e-02  -4.1680411e-01  -2.5000000e+00  -1.7818537e+00   2.3366731e-02  -7.5906515e+01   1.0560398e-02   1.0000000e+00   4.0231736e-02
  -3.9962128e-02   8.2612164e-02  -4.1447877e-01  -2.4998800e+00  -1.7802617e+00   2.3094739e-02  -1.2526781e+02   1.3685936e-02   1.0000000e+00   4.0220330e-02
  -3.9960100e-02   9.6229869e-02  -4.1388428e-01  -2.4981535e+00  -1.7769338e+00   2.3386768e-02  -7.7709822e+01   1.0681997e-02   1.0000000e+00   3.9310729e-02
  -3.9961212e-02   8.2832454e-02  -4.1555306e-01  -2.5000000e+00  -1.7846206e+00   2.4571911e-02  -1.2651931e+02   1.4111035e-02   1.0000000e+00   3.7228448e-02
  -4.0000000e-02   9.7877178e-02  -4.0910727e-01  -2.4994230e+00  -1.7039619e+00   2.7265364e-03  -6.2323980e+00   8.1122059e-03   1.0000000e+00   3.5918945e-02
  -3.9999466e-02   9.8089853e-02  -4.0944292e-01  -2.4994656e+00  -1.7072633e+00   2.4148898e-03  -5.4280336e+00   8.0536201e-03   1.0000000e+00   3.5601405e-02
  -3.9957872e-02   8.7089475e-02  -4.1510430e-01  -2.4977479e+00  -1.7828886e+00   2.4655068e-02  -1.1283909e+02   1.3223766e-02   1.0000000e+00   3.5522245e-02
  -3.9957367e-02   9.4497834e-02  -4.2168459e-01  -2.4999440e+00  -1.8074697e+00   2.3940338e-02  -8.0351364e+01   1.1149945e-02   1.0000000e+00   3.5416354e-02
  -3.9956028e-02   9.4556409e-02  -4.2166492e-01  -2.4999493e+00  -1.8116990e+00   2.3805901e-02  -7.8960162e+01   1.1084368e-02   1.0000000e+00   3.4910818e-02
  -3.9999943e-02   9.7280304e-02  -3.3317657e-01  -2.4983732e+00  -1.6300991e+00   2.0118372e-03   3.6104879e+01   7.2567671e-03   1.0000000e+00   3.4340860e-02
  -3.9999959e-02   2.4661980e-02  -4.8485726e-01  -2.4595427e+00  -1.9195228e+00   2.3321369e-02  -1.7985347e+02   1.8728306e-02   1.0000000e+00   3.3080646e-02
  -3.9957508e-02   9.1609618e-02  -4.1437652e-01  -2.4940301e+00  -1.7856811e+00   2.4021718e-02  -9.4572732e+01   1.1944482e-02   1.0000000e+00   3.1924519e-02
  -3.9999608e-02   6.9728483e-02  -4.9987040e-01  -2.4875370e+00  -1.7614388e+00   2.0000000e-03  -3.1165100e+01   8.8719778e-03   1.0000000e+00   3.0750530e-02
  -3.9998589e-02   2.7296981e-02  -4.8226403e-01  -2.4586615e+00  -1.9242317e+00   2.3309295e-02  -1.7601720e+02   1.8526739e-02   1.0000000e+00   2.9876652e-02
  -3.9998020e-02   2.3958748e-02  -4.9116463e-01  -2.3562046e+00  -1.9835207e+00   1.9869052e-02  -1.6151644e+02   1.8254605e-02   1.0000000e+00   2.9377225e-02
