  -6.0000000e-03   1.0000000e-01  -3.5143810e-01  -2.4661362e+00  -1.5000000e+00   5.8581504e-03   2.7721310e+02   3.2584569e-03   1.0000000e+00             Inf
  -4.0000000e-02   5.8805151e-02  -1.3242693e-01  -2.4999980e+00  -1.6833311e+00   2.7286413e-02  -1.8903999e+02   2.2667464e-02   1.0000000e+00             Inf
  -1.2228526e-02   9.9669006e-02  -3.4644574e-01  -2.4868720e+00  -1.5000000e+00   8.1454142e-03   1.6835213e+02   6.3947954e-03   1.0000000e+00   2.6249675e-01
  -4.0000000e-02   9.9674105e-02  -3.2050533e-01  -2.5000000e+00  -1.6828779e+00   2.0000000e-03   6.3686823e+01   6.4665394e-03   1.0000000e+00   2.2852047e-01
  -3.8329575e-02   1.0000000e-01  -3.7314459e-01  -2.4960633e+00  -1.7882866e+00   2.2058672e-02  -4.6466630e+01   9.1580278e-03   1.0000000e+00   1.2142820e-01
  -3.9130397e-02   9.6484275e-02  -3.7211937e-01  -2.4984897e+00  -1.7280137e+00   2.0000000e-03   3.8816321e+01   6.9566093e-03   1.0000000e+00   1.0123034e-01
  -4.0000000e-02   5.8143123e-02  -1.6925674e-01  -2.4981937e+00  -1.6893556e+00   2.7778311e-02  -1.8499437e+02   2.2204902e-02   1.0000000e+00   9.8058346e-02
  -3.9557768e-02   9.9917644e-02  -3.5665141e-01  -2.5000000e+00  -1.7864039e+00   2.2232895e-02  -5.9800562e+01   9.7347152e-03   1.0000000e+00   8.7025175e-02
  -1.0809295e-02   9.9476712e-02  -3.4737395e-01  -2.4851183e+00  -1.5000000e+00   8.4197892e-03   1.9084122e+02   5.7491356e-03   1.0000000e+00   8.6119949e-02
  -4.0000000e-02   9.9844273e-02  -2.3763147e-01  -2.5000000e+00  -1.7808818e+00   2.0257268e-02  -8.8795073e+01   1.2452528e-02   1.0000000e+00   8.5291576e-02
  -3.9622578e-02   7.6229560e-02  -3.1391015e-01  -2.4974306e+00  -1.7373017e+00   2.6044943e-02  -1.4609453e+02   1.7172014e-02   1.0000000e+00   8.4874838e-02
  -4.0000000e-02   9.3800435e-02  -3.4322815e-01  -2.5000000e+00  -1.7758401e+00   2.2443524e-02  -8.7926123e+01   1.1699922e-02   1.0000000e+00   8.3709512e-02
  -3.9994828e-02   3.7285971e-02  -3.0063944e-01  -2.4566932e+00  -1.7037726e+00   2.3993753e-02  -1.8415759e+02   2.0967492e-02   1.0000000e+00   8.3683835e-02
  -1.1613843e-02   1.0000000e-01  -3.5577825e-01  -2.4849464e+00  -1.5014558e+00   8.0969410e-03   1.7755424e+02   6.1117677e-03   1.0000000e+00   8.1499643e-02
  -4.0000000e-02   9.9677620e-02  -3.2152110e-01  -2.5000000e+00  -1.6843014e+00   2.0000000e-03   6.3024551e+01   6.4729532e-03   1.0000000e+00   7.7516811e-02
  -3.9996588e-02   9.5826696e-02  -3.4383119e-01  -2.4969944e+00  -1.7765150e+00   2.2410758e-02  -8.0499509e+01   1.1173134e-02   1.0000000e+00   7.4890651e-02
  -4.0000000e-02   7.8057251e-02  -3.1068392e-01  -2.4954372e+00  -1.7473507e+00   2.5062436e-02  -1.4338569e+02   1.6610933e-02   1.0000000e+00   6.9593521e-02
  -3.9999980e-02   9.9975533e-02  -3.4394143e-01  -2.4999743e+00  -1.8154313e+00   2.2331340e-02  -6.3665237e+01   1.0131163e-02   1.0000000e+00   6.8325635e-02
  -3.9999581e-02   8.0879567e-02  -3.2139110e-01  -2.4997749e+00  -1.7201133e+00   2.3919381e-02  -1.2281483e+02   1.4795448e-02   1.0000000e+00   6.6821890e-02
  -7.7559168e-03   9.9975613e-02  -3.5274084e-01  -2.4670136e+00  -1.5019443e+00   6.4230502e-03   2.4570842e+02   4.2107073e-03   1.0000000e+00   6.6583519e-02
  -4.0000000e-02   4.7500341e-02  -2.9757956e-01  -2.4455556e+00  -1.7130406e+00   2.3680947e-02  -1.7662030e+02   2.0172540e-02   1.0000000e+00   6.5635773e-02
  -4.0000000e-02   8.4356551e-02  -3.2517875e-01  -2.5000000e+00  -1.7048285e+00   2.4166333e-02  -1.0605432e+02   1.3724467e-02   1.0000000e+00   6.5172864e-02
  -4.0000000e-02   7.8254797e-02  -3.1660942e-01  -2.4956765e+00  -1.7418202e+00   2.4415455e-02  -1.3930730e+02   1.6103809e-02   1.0000000e+00   6.4166547e-02
  -4.0000000e-02   9.6191912e-02  -4.0273698e-01  -2.4993118e+00  -1.8279313e+00   3.3883003e-03  -1.8933455e+01   9.0791149e-03   1.0000000e+00   6.3624223e-02
  -1.0317662e-02   1.0000000e-01  -3.4818314e-01  -2.4841234e+00  -1.5034160e+00   9.1724112e-03   2.0165846e+02   5.4436665e-03   1.0000000e+00   6.1814907e-02
  -4.0000000e-02   6.2194696e-02  -3.0376722e-01  -2.4405106e+00  -1.7324934e+00   2.3246041e-02  -1.5850551e+02   1.8366321e-02   1.0000000e+00   6.1111896e-02
  -3.9999764e-02   8.0293917e-02  -3.2408603e-01  -2.4982896e+00  -1.7214672e+00   2.4957321e-02  -1.2847902e+02   1.5370915e-02   1.0000000e+00   6.0272838e-02
  -7.2930957e-03   1.0000000e-01  -3.5167817e-01  -2.4664750e+00  -1.5000000e+00   4.8012846e-03   2.5234570e+02   3.9895907e-03   1.0000000e+00   5.9754947e-02
  -4.0000000e-02   9.7443066e-02  -3.8455636e-01  -2.4988513e+00  -1.7642493e+00   2.2629792e-03   1.8202220e+01   7.4319610e-03   1.0000000e+00   5.9045565e-02
  -4.0000000e-02   9.6946739e-02  -2.2871061e-01  -2.4998719e+00  -1.7825862e+00   1.9643659e-02  -9.6183186e+01   1.3179884e-02   1.0000000e+00   5.7898527e-02
  -3.9907754e-02   3.8985468e-02  -3.0219752e-01  -2.4539192e+00  -1.7128709e+00   2.3079892e-02  -1.8204201e+02   2.0703581e-02   1.0000000e+00   5.7123558e-02
  -4.0000000e-02   6.6694776e-02  -2.9058810e-01  -2.4425694e+00  -1.7359314e+00   2.2916802e-02  -1.5223747e+02   1.7889791e-02   1.0000000e+00   5.7054090e-02
  -8.6841945e-03   9.9550621e-02  -3.4790235e-01  -2.4848411e+00  -1.5083556e+00   6.1875295e-03   2.2228343e+02   4.9366726e-03   1.0000000e+00   5.6150651e-02
  -3.9967418e-02   5.8035952e-02  -2.9672973e-01  -2.4364020e+00  -1.7175986e+00   2.4032197e-02  -1.6370190e+02   1.9134374e-02   1.0000000e+00   5.6069192e-02
  -4.0000000e-02   9.7817432e-02  -2.2794261e-01  -2.5000000e+00  -1.7819801e+00   1.9885359e-02  -9.4950077e+01   1.3062957e-02   1.0000000e+00   5.3320906e-02
  -9.7193871e-03   9.9465767e-02  -3.3376358e-01  -2.4847177e+00  -1.5000000e+00   7.9766224e-03   2.0869224e+02   5.2924652e-03   1.0000000e+00   5.2624084e-02
  -8.3176345e-03   1.0000000e-01  -3.5063168e-01  -2.4640711e+00  -1.5000000e+00   5.8216482e-03   2.3449565e+02   4.5388556e-03   1.0000000e+00   4.9226865e-02
  -6.6586759e-03   9.9752137e-02  -3.4927633e-01  -2.4651322e+00  -1.5000000e+00   5.8431489e-03   2.6568911e+02   3.6062595e-03   1.0000000e+00   4.8504807e-02
  -9.2310343e-03   9.9999115e-02  -3.5263930e-01  -2.4673855e+00  -1.5000000e+00   6.3618055e-03   2.1683872e+02   5.0542032e-03   1.0000000e+00   4.7481110e-02
  -4.0000000e-02   9.8275002e-02  -3.4360726e-01  -2.5000000e+00  -1.8149709e+00   2.2390608e-02  -7.0199609e+01   1.0627960e-02   1.0000000e+00   4.7287843e-02
  -8.4568138e-03   9.9993471e-02  -3.5308961e-01  -2.4663756e+00  -1.5001158e+00   6.2832752e-03   2.3208784e+02   4.5991596e-03   1.0000000e+00   4.6688781e-02
  -4.0000000e-02   9.9467157e-02  -3.8821205e-01  -2.4990049e+00  -1.7888806e+00   2.1953096e-03   8.2131536e+00   7.7740522e-03   1.0000000e+00   4.4049001e-02
  -3.9999064e-02   9.6164891e-02  -4.0210206e-01  -2.4992971e+00  -1.8305765e+00   2.7469957e-03  -1.5837934e+01   8.9007154e-03   1.0000000e+00   4.3911735e-02
  -4.0000000e-02   5.0992819e-02  -2.9806551e-01  -2.4408267e+00  -1.7124311e+00   2.3705336e-02  -1.7271501e+02   1.9817917e-02   1.0000000e+00   4.3148963e-02
  -6.0000000e-03   9.9883722e-02  -3.5712648e-01  -2.4664653e+00  -1.5000000e+00   4.3997598e-03   2.7491993e+02   3.2896817e-03   1.0000000e+00   4.2635818e-02
  -3.9740055e-02   9.9925292e-02  -3.9430128e-01  -2.4983320e+00  -1.8182235e+00   2.6828455e-03  -7.6737170e+00   8.5346800e-03   1.0000000e+00   4.2623796e-02
  -3.9999785e-02   7.8593386e-02  -3.2375186e-01  -2.4983153e+00  -1.7210067e+00   2.5016589e-02  -1.3357186e+02   1.5774050e-02   1.0000000e+00   4.2509514e-02
  -3.9998597e-02   9.7847438e-02  -3.4169301e-01  -2.5000000e+00  -1.7993510e+00   2.2546610e-02  -7.4350750e+01   1.0811480e-02   1.0000000e+00   4.2502503e-02
  -4.0000000e-02   8.1123055e-02  -3.1947517e-01  -2.4997054e+00  -1.7193217e+00   2.1967606e-02  -1.1515955e+02   1.4118799e-02   1.0000000e+00   4.1490664e-02
  -4.0000000e-02   1.0000000e-01  -3.8334753e-01  -2.4983972e+00  -1.7878246e+00   2.0000000e-03   1.0969873e+01   7.6574563e-03   1.0000000e+00   3.9049516e-02
