  -6.0000000e-03   1.0000000e-01  -4.0548052e-01  -2.4800011e+00  -1.5000000e+00   5.8298633e-03   3.1511464e+02   2.4208503e-03   1.0000000e+00             Inf
  -4.0000000e-02   2.1517973e-02  -3.8060706e-01  -2.4982348e+00  -1.6530456e+00   2.4187306e-02  -2.0658550e+02   2.0343442e-02   1.0000000e+00             Inf
  -1.7380832e-02   9.9851283e-02  -4.9554195e-01  -2.4967433e+00  -1.5628280e+00   1.0716324e-02   1.1972381e+02   6.9604145e-03   1.0000000e+00   1.4756733e-01
  -4.0000000e-02   8.6525452e-02  -4.2915607e-01  -2.4975713e+00  -1.6812258e+00   2.4049051e-02  -1.1141253e+02   1.2744137e-02   1.0000000e+00   1.2567144e-01
  -3.9998270e-02   6.4453005e-02  -3.8280887e-01  -2.4901307e+00  -1.5520317e+00   2.0000000e-03   6.3213987e+01   7.0710397e-03   1.0000000e+00   1.2521230e-01
  -4.0000000e-02   5.4225681e-02  -5.0000000e-01  -2.5000000e+00  -1.7566795e+00   2.1721340e-02  -1.8189046e+02   1.7195512e-02   1.0000000e+00   1.1103301e-01
  -3.9920605e-02   4.9310868e-02  -3.6610513e-01  -2.5000000e+00  -1.6369693e+00   2.6464386e-02  -1.8530666e+02   1.8950572e-02   1.0000000e+00   1.1098304e-01
  -7.1056741e-03   1.0000000e-01  -4.0380277e-01  -2.4755291e+00  -1.5034059e+00   4.3890188e-03   2.9824790e+02   2.9885989e-03   1.0000000e+00   1.0719838e-01
  -1.2873959e-02   9.9852983e-02  -4.0640933e-01  -2.4801793e+00  -1.5035339e+00   5.6311562e-03   2.1432631e+02   5.2836264e-03   1.0000000e+00   1.0164672e-01
  -3.9999967e-02   9.0472326e-02  -4.2766066e-01  -2.4976154e+00  -1.6775444e+00   2.4118677e-02  -9.9139682e+01   1.2057130e-02   1.0000000e+00   9.5872217e-02
  -3.9999992e-02   9.2206370e-02  -4.2407750e-01  -2.4972850e+00  -1.6772216e+00   2.3448189e-02  -9.3049665e+01   1.1656699e-02   1.0000000e+00   9.0973003e-02
  -6.0341278e-03   9.9243430e-02  -4.3272603e-01  -2.4998683e+00  -1.5000000e+00   1.9467253e-02   2.2315624e+02   4.6152034e-03   1.0000000e+00   9.0357368e-02
  -4.0000000e-02   9.9647537e-02  -3.2992590e-01  -2.5000000e+00  -1.6741288e+00   2.8501615e-03   1.9870670e+01   7.5022418e-03   1.0000000e+00   8.8777129e-02
  -1.0553253e-02   9.7581165e-02  -4.0733256e-01  -2.4751366e+00  -1.5000000e+00   6.2138088e-03   2.4799526e+02   4.2722891e-03   1.0000000e+00   8.8319253e-02
  -3.9235730e-02   2.9604446e-02  -3.8503425e-01  -2.4978531e+00  -1.6466346e+00   2.3143463e-02  -1.9595878e+02   1.9591695e-02   1.0000000e+00   8.6462528e-02
  -3.9999484e-02   6.9218597e-02  -4.9770849e-01  -2.4996995e+00  -1.7654676e+00   1.9398670e-02  -1.4751261e+02   1.4682061e-02   1.0000000e+00   8.3289938e-02
  -9.6576229e-03   9.9904280e-02  -4.0544746e-01  -2.4803346e+00  -1.5000000e+00   5.6113059e-03   2.6397066e+02   3.7867705e-03   1.0000000e+00   8.2697682e-02
  -4.0000000e-02   6.0181873e-02  -5.0000000e-01  -2.4999823e+00  -1.7793529e+00   2.1582369e-02  -1.7181443e+02   1.6617690e-02   1.0000000e+00   7.9630369e-02
  -3.9992260e-02   8.2382661e-02  -4.1976120e-01  -2.4976592e+00  -1.6863246e+00   2.6836109e-02  -1.2932286e+02   1.4444029e-02   1.0000000e+00   7.7800972e-02
  -3.9999941e-02   8.4002165e-02  -4.2149739e-01  -2.4977971e+00  -1.6762067e+00   2.5538896e-02  -1.2034630e+02   1.3580952e-02   1.0000000e+00   7.2531206e-02
  -4.0000000e-02   6.6147939e-02  -4.9766442e-01  -2.4999962e+00  -1.7623137e+00   2.0860947e-02  -1.5995431e+02   1.5473525e-02   1.0000000e+00   7.2339278e-02
  -8.0095324e-03   9.9508087e-02  -4.3238398e-01  -2.4998047e+00  -1.5108099e+00   1.9154188e-02   1.9055163e+02   5.3168710e-03   1.0000000e+00   7.1759247e-02
  -4.0000000e-02   6.7426085e-02  -5.0000000e-01  -2.5000000e+00  -1.7619021e+00   2.0167404e-02  -1.5427587e+02   1.5079560e-02   1.0000000e+00   6.8008497e-02
  -1.1303869e-02   9.9998484e-02  -4.0506973e-01  -2.4797106e+00  -1.5014244e+00   5.5692401e-03   2.3916716e+02   4.5175759e-03   1.0000000e+00   6.6744765e-02
  -1.4781751e-02   1.0000000e-01  -4.9074464e-01  -2.4965218e+00  -1.5530785e+00   1.1415862e-02   1.5209319e+02   6.0849967e-03   1.0000000e+00   6.4940963e-02
  -8.8567080e-03   9.8692649e-02  -4.0650870e-01  -2.4752770e+00  -1.5000000e+00   5.1262447e-03   2.7271169e+02   3.6392454e-03   1.0000000e+00   6.4300462e-02
  -4.0000000e-02   6.5767648e-02  -3.7749159e-01  -2.4900662e+00  -1.5601930e+00   2.1974194e-03   6.0373869e+01   7.1656238e-03   1.0000000e+00   6.1699004e-02
  -3.9146861e-02   9.9960161e-02  -3.7752353e-01  -2.4982865e+00  -1.7391644e+00   8.0564016e-03  -3.5432525e+01   9.6681476e-03   1.0000000e+00   6.1336538e-02
  -1.5921899e-02   1.0000000e-01  -4.9700724e-01  -2.4966312e+00  -1.5527596e+00   1.1168090e-02   1.3887215e+02   6.3902960e-03   1.0000000e+00   6.0853068e-02
  -3.9709219e-02   9.5639965e-02  -4.2641240e-01  -2.4999667e+00  -1.6713555e+00   2.4343247e-02  -7.9873411e+01   1.1088536e-02   1.0000000e+00   6.0636773e-02
  -3.8718894e-02   9.9950259e-02  -4.2921080e-01  -2.4999915e+00  -1.6594810e+00   2.3915100e-02  -5.4133608e+01   1.0000386e-02   1.0000000e+00   5.7058191e-02
  -4.0000000e-02   4.8625924e-02  -3.6472372e-01  -2.5000000e+00  -1.6378349e+00   2.6408127e-02  -1.8674857e+02   1.9017719e-02   1.0000000e+00   5.6189854e-02
  -3.9952402e-02   9.9980683e-02  -3.6654585e-01  -2.4991001e+00  -1.7216185e+00   2.0595145e-03   3.4933117e+00   7.7894431e-03   1.0000000e+00   5.5695669e-02
  -4.0000000e-02   9.8868506e-02  -3.2197938e-01  -2.4994781e+00  -1.6475462e+00   2.0000000e-03   3.4789706e+01   7.2003523e-03   1.0000000e+00   5.5058397e-02
  -4.0000000e-02   5.7996410e-02  -4.9860274e-01  -2.4894184e+00  -1.7091034e+00   2.0000000e-03  -9.0500920e+00   8.2547682e-03   1.0000000e+00   5.3552821e-02
  -4.0000000e-02   2.2645587e-02  -3.8066116e-01  -2.4982150e+00  -1.6515333e+00   2.3082204e-02  -2.0322241e+02   2.0001407e-02   1.0000000e+00   5.2301397e-02
  -3.9996260e-02   6.2691808e-02  -4.9311630e-01  -2.4999488e+00  -1.7634936e+00   2.0822661e-02  -1.6659017e+02   1.5953020e-02   1.0000000e+00   5.1935844e-02
  -4.0000000e-02   5.4878160e-02  -5.0000000e-01  -2.4999040e+00  -1.7704995e+00   2.1605712e-02  -1.7958206e+02   1.7157237e-02   1.0000000e+00   5.1553715e-02
  -3.9601419e-02   1.0000000e-01  -4.2475487e-01  -2.4997795e+00  -1.6782579e+00   2.3528164e-02  -6.7565392e+01   1.0274959e-02   1.0000000e+00   5.1500579e-02
  -4.0000000e-02   9.9226766e-02  -4.2700488e-01  -2.4997730e+00  -1.6824359e+00   2.3431472e-02  -7.3833332e+01   1.0493571e-02   1.0000000e+00   5.1409052e-02
  -4.0000000e-02   9.5380188e-02  -3.8396861e-01  -2.4983325e+00  -1.7209662e+00   5.4045798e-03  -1.9217540e+01   8.7990548e-03   1.0000000e+00   5.0243496e-02
  -9.1483959e-03   9.9510382e-02  -4.3292798e-01  -2.4998192e+00  -1.5106253e+00   1.9872666e-02   1.6295259e+02   6.0536500e-03   1.0000000e+00   4.9105035e-02
  -1.0827093e-02   1.0000000e-01  -4.3049748e-01  -2.4995736e+00  -1.5085393e+00   1.8173737e-02   1.6410090e+02   5.6174228e-03   1.0000000e+00   4.7854173e-02
  -3.9976542e-02   6.1404509e-02  -4.9350087e-01  -2.4999210e+00  -1.7659569e+00   2.0729850e-02  -1.6839855e+02   1.6114255e-02   1.0000000e+00   4.7099532e-02
  -8.0052988e-03   9.7740107e-02  -4.0440113e-01  -2.4753884e+00  -1.5014971e+00   6.0245774e-03   2.8443489e+02   3.2881447e-03   1.0000000e+00   4.5936875e-02
  -4.0000000e-02   9.8851060e-02  -3.2824199e-01  -2.4995876e+00  -1.6472273e+00   2.0000000e-03   3.3105954e+01   7.2156456e-03   1.0000000e+00   4.5441033e-02
  -3.9705428e-02   9.5867662e-02  -4.2627665e-01  -2.4999672e+00  -1.6717132e+00   2.4346472e-02  -7.9178262e+01   1.1046472e-02   1.0000000e+00   4.4774025e-02
  -3.9991504e-02   9.9954057e-02  -3.7366991e-01  -2.4982779e+00  -1.7275117e+00   7.4841435e-03  -2.8455428e+01   9.1970856e-03   1.0000000e+00   4.3741563e-02
  -8.0677746e-03   9.7753212e-02  -4.0439963e-01  -2.4754274e+00  -1.5014962e+00   6.0326519e-03   2.8361059e+02   3.3090537e-03   1.0000000e+00   4.2060991e-02
  -3.9811584e-02   9.6123287e-02  -3.8603233e-01  -2.4989777e+00  -1.7089030e+00   5.3821214e-03  -1.6037251e+01   8.6859257e-03   1.0000000e+00   3.9529920e-02
