  -6.0000000e-03   9.9999485e-02  -3.7728901e-01  -2.3709393e+00  -1.5000000e+00   5.6440716e-03   3.1676662e+02   2.6262681e-03   1.0000000e+00             Inf
  -4.0000000e-02   2.4923915e-02  -3.6229480e-01  -2.5000000e+00  -1.6715994e+00   2.5101771e-02  -2.0725305e+02   2.0715947e-02   1.0000000e+00             Inf
  -4.0000000e-02   5.7801606e-02  -3.4717496e-01  -2.4863605e+00  -1.6745189e+00   2.5259580e-02  -1.7816637e+02   1.8272021e-02   1.0000000e+00   1.6386379e-01
  -3.9999923e-02   5.6262346e-02  -3.3592328e-01  -2.4947483e+00  -1.6702806e+00   2.2925011e-02  -1.6673732e+02   1.7403043e-02   1.0000000e+00   1.2905454e-01
  -3.9973837e-02   4.2689818e-02  -3.6138332e-01  -2.5000000e+00  -1.6951055e+00   2.3322028e-02  -1.9768447e+02   1.9298960e-02   1.0000000e+00   1.1919437e-01
  -3.9999989e-02   9.0978860e-02  -4.2668355e-01  -2.5000000e+00  -1.6575895e+00   2.5501300e-02  -8.6068572e+01   1.1854139e-02   1.0000000e+00   1.1834270e-01
  -4.0000000e-02   8.3530324e-02  -4.2117097e-01  -2.4973982e+00  -1.5000000e+00   2.0000000e-03   8.5914034e+01   7.0055517e-03   1.0000000e+00   1.1213064e-01
  -1.4967477e-02   9.9501107e-02  -3.8258441e-01  -2.4092675e+00  -1.5430864e+00   1.5006173e-02   1.3738299e+02   7.0004918e-03   1.0000000e+00   1.0008801e-01
  -3.9999650e-02   7.2543945e-02  -4.3123083e-01  -2.3875057e+00  -1.7209080e+00   2.3798600e-02  -1.4458429e+02   1.5766779e-02   1.0000000e+00   9.9742752e-02
  -4.0000000e-02   9.8892813e-02  -3.7777260e-01  -2.4971805e+00  -1.7053418e+00   4.0837388e-03  -1.5954268e-01   8.0446798e-03   1.0000000e+00   9.8000755e-02
  -3.7311631e-02   1.0000000e-01  -4.2751338e-01  -2.4944072e+00  -1.5977490e+00   2.7014446e-02  -1.2182645e+01   8.9483239e-03   1.0000000e+00   9.2753859e-02
  -7.2934961e-03   1.0000000e-01  -3.8028704e-01  -2.3674973e+00  -1.5000000e+00   6.6692711e-03   3.0047273e+02   3.0532845e-03   1.0000000e+00   8.1145532e-02
  -3.9964803e-02   8.3630325e-02  -4.2489305e-01  -2.4997261e+00  -1.5562063e+00   2.0448663e-03   6.0403888e+01   7.2770550e-03   1.0000000e+00   8.0571828e-02
  -1.5066731e-02   9.9184716e-02  -3.8693502e-01  -2.3936437e+00  -1.5121087e+00   1.3518004e-02   1.5917775e+02   6.3262776e-03   1.0000000e+00   8.0189936e-02
  -1.5662040e-02   1.0000000e-01  -3.8854973e-01  -2.3973133e+00  -1.5245751e+00   1.3351557e-02   1.4755514e+02   6.5964103e-03   1.0000000e+00   7.7273365e-02
  -4.0000000e-02   8.5404278e-02  -4.3448045e-01  -2.3573832e+00  -1.6939658e+00   2.2620523e-02  -9.8471360e+01   1.3136327e-02   1.0000000e+00   7.5815263e-02
  -4.0000000e-02   9.7988766e-02  -3.6709773e-01  -2.4999995e+00  -1.6802470e+00   2.0000000e-03   2.2147126e+01   7.2851866e-03   1.0000000e+00   7.3968681e-02
  -4.0000000e-02   6.7865627e-02  -4.2376473e-01  -2.3714228e+00  -1.7146430e+00   2.4341836e-02  -1.5278805e+02   1.6670730e-02   1.0000000e+00   7.3521162e-02
  -3.9981801e-02   8.6380508e-02  -4.3448240e-01  -2.3529051e+00  -1.6878700e+00   2.2659367e-02  -9.2790284e+01   1.2922026e-02   1.0000000e+00   7.2403744e-02
  -1.1817500e-02   9.9139635e-02  -3.7799541e-01  -2.3858788e+00  -1.5000000e+00   1.4596884e-02   2.0654048e+02   5.1844162e-03   1.0000000e+00   6.9022810e-02
  -4.0000000e-02   6.7149036e-02  -4.2271481e-01  -2.3716413e+00  -1.7196042e+00   2.4143670e-02  -1.5464982e+02   1.6749281e-02   1.0000000e+00   6.7102124e-02
  -1.1802334e-02   9.9016846e-02  -3.7802339e-01  -2.3878311e+00  -1.5000000e+00   1.3697647e-02   2.1569922e+02   4.9524679e-03   1.0000000e+00   6.5668457e-02
  -4.0000000e-02   9.8728410e-02  -4.3250947e-01  -2.4999341e+00  -1.6075236e+00   2.8020880e-02  -3.7625548e+01   9.9299564e-03   1.0000000e+00   6.5207588e-02
  -4.0000000e-02   9.8750749e-02  -4.2600713e-01  -2.5000000e+00  -1.6559435e+00   2.5587555e-02  -5.8053028e+01   1.0271659e-02   1.0000000e+00   6.3518772e-02
  -3.9750820e-02   9.6209092e-02  -4.2694667e-01  -2.4980078e+00  -1.6548979e+00   2.5377133e-02  -6.4849327e+01   1.0733539e-02   1.0000000e+00   6.3056101e-02
  -1.4374891e-02   1.0000000e-01  -3.8855391e-01  -2.3968719e+00  -1.5155921e+00   1.3340604e-02   1.7106539e+02   5.9573973e-03   1.0000000e+00   6.2058095e-02
  -1.3710578e-02   1.0000000e-01  -3.7956023e-01  -2.3879226e+00  -1.5000000e+00   1.4469317e-02   1.7681496e+02   5.8125207e-03   1.0000000e+00   6.1064199e-02
  -4.0000000e-02   9.9154977e-02  -4.3331822e-01  -2.5000000e+00  -1.6066244e+00   2.7327612e-02  -3.7038693e+01   9.8175101e-03   1.0000000e+00   5.9519178e-02
  -3.9568632e-02   7.6445381e-02  -4.3317869e-01  -2.3847166e+00  -1.7082327e+00   2.4784019e-02  -1.3131293e+02   1.5330677e-02   1.0000000e+00   5.9481497e-02
  -4.0000000e-02   8.1326812e-02  -4.3089340e-01  -2.3902405e+00  -1.6992621e+00   2.2100360e-02  -1.1299778e+02   1.3633071e-02   1.0000000e+00   5.8422061e-02
  -3.8986987e-02   1.0000000e-01  -4.2677720e-01  -2.4878627e+00  -1.6004093e+00   2.7194435e-02  -2.3662484e+01   9.3352924e-03   1.0000000e+00   5.6688006e-02
  -3.9999999e-02   8.4454356e-02  -4.2063092e-01  -2.4981143e+00  -1.5057954e+00   2.2932179e-03   8.2391880e+01   7.1305514e-03   1.0000000e+00   5.6574434e-02
  -4.0000000e-02   3.4662878e-02  -3.4667137e-01  -2.4991560e+00  -1.6622972e+00   2.5231541e-02  -2.0333476e+02   2.0386411e-02   1.0000000e+00   5.6088481e-02
  -3.9818123e-02   9.9605567e-02  -3.7430354e-01  -2.4998135e+00  -1.7150812e+00   2.0000000e-03   1.0649177e+01   7.5469340e-03   1.0000000e+00   5.4134567e-02
  -1.2671663e-02   1.0000000e-01  -3.7876110e-01  -2.3869676e+00  -1.5057835e+00   1.4626085e-02   1.9047754e+02   5.5228921e-03   1.0000000e+00   5.2724839e-02
  -3.9999989e-02   9.5134323e-02  -4.2484118e-01  -2.5000000e+00  -1.6573109e+00   2.5506713e-02  -7.1944285e+01   1.1034938e-02   1.0000000e+00   5.1743783e-02
  -3.9999989e-02   9.3718573e-02  -4.2424350e-01  -2.5000000e+00  -1.6577368e+00   2.5511254e-02  -7.7061589e+01   1.1324215e-02   1.0000000e+00   5.0696391e-02
  -3.9963016e-02   8.3615653e-02  -4.2510773e-01  -2.4995698e+00  -1.5510076e+00   2.0000000e-03   6.3090490e+01   7.2410737e-03   1.0000000e+00   5.0058982e-02
  -4.0000000e-02   7.5330196e-02  -4.3235329e-01  -2.3797616e+00  -1.7147569e+00   2.4245552e-02  -1.3672887e+02   1.5420795e-02   1.0000000e+00   4.9433845e-02
  -1.2305937e-02   9.9899318e-02  -3.7875221e-01  -2.3869592e+00  -1.5007662e+00   1.5004564e-02   1.9353952e+02   5.4360935e-03   1.0000000e+00   4.9364317e-02
  -3.9536843e-02   7.7082025e-02  -4.3858223e-01  -2.3824401e+00  -1.7125696e+00   2.3055869e-02  -1.2664317e+02   1.4692962e-02   1.0000000e+00   4.8227436e-02
  -3.9999589e-02   9.8886317e-02  -3.8035031e-01  -2.4946032e+00  -1.7054427e+00   3.0000884e-03   5.6313903e+00   7.7904799e-03   1.0000000e+00   4.8142010e-02
  -1.1405077e-02   9.9748327e-02  -3.7891689e-01  -2.3876024e+00  -1.5000000e+00   1.3259105e-02   2.2582893e+02   4.6623512e-03   1.0000000e+00   4.6592555e-02
  -9.6929271e-03   9.9317379e-02  -3.7781101e-01  -2.3811825e+00  -1.5027482e+00   1.2993914e-02   2.5464027e+02   4.1198291e-03   1.0000000e+00   4.6392643e-02
  -9.5301806e-03   9.9443778e-02  -3.7827756e-01  -2.3924638e+00  -1.5070429e+00   1.2055421e-02   2.6159425e+02   3.9365730e-03   1.0000000e+00   4.3403053e-02
  -7.7686744e-03   9.9769017e-02  -3.7921761e-01  -2.3881933e+00  -1.5094044e+00   1.4407783e-02   2.7170052e+02   3.9236187e-03   1.0000000e+00   4.3282283e-02
  -1.4963211e-02   9.9500739e-02  -3.8210667e-01  -2.4093836e+00  -1.5425524e+00   1.4993455e-02   1.3785403e+02   6.9880119e-03   1.0000000e+00   4.1749459e-02
  -4.0000000e-02   8.1111607e-02  -4.2998565e-01  -2.3923492e+00  -1.7003179e+00   2.2418354e-02  -1.1519004e+02   1.3752277e-02   1.0000000e+00   4.0379831e-02
  -1.1041852e-02   9.9607302e-02  -3.7734411e-01  -2.3910532e+00  -1.5000000e+00   1.2893391e-02   2.3489210e+02   4.4552682e-03   1.0000000e+00   3.8977822e-02
  -3.8240056e-02   1.0000000e-01  -4.2687790e-01  -2.4985000e+00  -1.5907061e+00   2.7146362e-02  -1.7659477e+01   9.1184522e-03   1.0000000e+00   3.8794155e-02
