  -4.0000000e-02   3.2337896e-02  -3.0351754e-01  -2.5000000e+00  -1.6985038e+00   2.4216478e-02  -1.9364543e+02   2.1382200e-02   1.0000000e+00             Inf
  -6.0000000e-03   1.0000000e-01  -3.9795378e-01  -2.2819223e+00  -1.5000000e+00   2.8804323e-03   2.9854782e+02   3.2474207e-03   1.0000000e+00             Inf
  -3.9999933e-02   1.0000000e-01  -2.7739335e-01  -2.4979147e+00  -1.6772397e+00   2.0000000e-03   7.5677512e+01   6.3363223e-03   1.0000000e+00   2.9201469e-01
  -1.0655064e-02   9.9932799e-02  -4.3179156e-01  -2.3017950e+00  -1.5000000e+00   5.6524843e-03   2.1110100e+02   6.0552835e-03   1.0000000e+00   2.9076008e-01
  -4.0000000e-02   8.3469234e-02  -3.4374421e-01  -2.5000000e+00  -1.7546196e+00   2.4968490e-02  -1.2552225e+02   1.4862379e-02   1.0000000e+00   9.9415745e-02
  -4.0000000e-02   3.9131096e-02  -3.0533280e-01  -2.5000000e+00  -1.7008833e+00   2.3157132e-02  -1.9040152e+02   2.0740471e-02   1.0000000e+00   9.7719117e-02
  -4.0000000e-02   8.4232486e-02  -3.3549393e-01  -2.5000000e+00  -1.7528629e+00   2.3510804e-02  -1.1916700e+02   1.4192668e-02   1.0000000e+00   9.5015057e-02
  -3.8972430e-02   9.9968695e-02  -3.8595545e-01  -2.4988631e+00  -1.7193067e+00   2.3885183e-02  -4.4323939e+01   9.3746048e-03   1.0000000e+00   9.4443878e-02
  -3.9832485e-02   8.4549270e-02  -3.3464799e-01  -2.5000000e+00  -1.7455662e+00   2.2307473e-02  -1.1200024e+02   1.3637518e-02   1.0000000e+00   9.3425094e-02
  -4.0000000e-02   4.7230163e-02  -2.6124018e-01  -2.4998031e+00  -1.6941012e+00   2.2514989e-02  -1.7628909e+02   2.0249577e-02   1.0000000e+00   8.6331095e-02
  -3.9998399e-02   1.0000000e-01  -3.0471302e-01  -2.4999835e+00  -1.7311752e+00   2.0000000e-03   5.1743589e+01   6.6308999e-03   1.0000000e+00   8.5256537e-02
  -4.0000000e-02   9.9343760e-02  -3.0654571e-01  -2.4787281e+00  -1.7410486e+00   2.0362167e-02  -6.5943087e+01   1.0598665e-02   1.0000000e+00   8.4428621e-02
  -4.0000000e-02   9.3500670e-02  -3.2762916e-01  -2.4977043e+00  -1.7880598e+00   2.2541199e-02  -9.2341188e+01   1.2189638e-02   1.0000000e+00   8.2127032e-02
  -4.0000000e-02   5.1420648e-02  -2.6042926e-01  -2.4998199e+00  -1.6941732e+00   2.2634372e-02  -1.7238822e+02   1.9838573e-02   1.0000000e+00   7.7078298e-02
  -3.9984586e-02   8.8549414e-02  -3.3115037e-01  -2.4861917e+00  -1.7709153e+00   2.2004247e-02  -1.0395925e+02   1.3058752e-02   1.0000000e+00   7.4608678e-02
  -3.9672788e-02   9.9160395e-02  -4.0875645e-01  -2.4952166e+00  -1.8074007e+00   3.6853606e-03  -1.2257564e+01   8.8071038e-03   1.0000000e+00   7.1696204e-02
  -3.9986255e-02   8.9179323e-02  -3.3371749e-01  -2.4864566e+00  -1.7689443e+00   2.1446284e-02  -1.0002150e+02   1.2725861e-02   1.0000000e+00   7.1529919e-02
  -4.0000000e-02   5.8440318e-02  -3.3779597e-01  -2.4474835e+00  -1.7459088e+00   2.2756007e-02  -1.6551250e+02   1.8383798e-02   1.0000000e+00   7.0672129e-02
  -3.9652316e-02   9.9038452e-02  -4.1496754e-01  -2.4969039e+00  -1.8055028e+00   5.2383936e-03  -2.2493190e+01   9.3619845e-03   1.0000000e+00   6.9564774e-02
  -4.0000000e-02   9.3944565e-02  -3.2860404e-01  -2.4981463e+00  -1.7885527e+00   2.0830896e-02  -8.6945049e+01   1.1718305e-02   1.0000000e+00   6.9324284e-02
  -3.9986214e-02   8.2357181e-02  -4.0658733e-01  -2.4736848e+00  -1.7766447e+00   3.6062018e-03   8.9518449e-02   8.4492747e-03   1.0000000e+00   6.9071047e-02
  -3.9999933e-02   9.9896959e-02  -2.7563779e-01  -2.4979520e+00  -1.6812393e+00   2.0000000e-03   7.5168324e+01   6.3424885e-03   1.0000000e+00   6.4870879e-02
  -3.9992096e-02   6.8250511e-02  -3.5484509e-01  -2.4104338e+00  -1.7290978e+00   2.1414022e-02  -1.3529626e+02   1.6082690e-02   1.0000000e+00   6.3565903e-02
  -6.0000000e-03   9.8501561e-02  -4.2914535e-01  -2.3016772e+00  -1.5000000e+00   4.8084619e-03   2.8679652e+02   3.6365163e-03   1.0000000e+00   6.0567768e-02
  -3.9999867e-02   5.1926101e-02  -3.4044078e-01  -2.4463960e+00  -1.7501448e+00   2.2261043e-02  -1.7201270e+02   1.9009341e-02   1.0000000e+00   6.0319619e-02
  -4.0000000e-02   8.3022727e-02  -3.3371102e-01  -2.4999371e+00  -1.7537336e+00   2.6186331e-02  -1.3022236e+02   1.5588218e-02   1.0000000e+00   5.8954630e-02
  -3.9918954e-02   9.7222056e-02  -3.8693616e-01  -2.4975683e+00  -1.7179148e+00   2.3567583e-02  -6.0770982e+01   1.0121041e-02   1.0000000e+00   5.8549112e-02
  -4.0000000e-02   9.7831006e-02  -3.2675548e-01  -2.5000000e+00  -1.7860512e+00   2.2262440e-02  -7.7611013e+01   1.1031667e-02   1.0000000e+00   5.7425066e-02
  -3.9998513e-02   1.0000000e-01  -3.0521089e-01  -2.4999900e+00  -1.7326543e+00   2.5912172e-03   4.6065156e+01   6.8162956e-03   1.0000000e+00   5.5191806e-02
  -3.9929776e-02   1.0000000e-01  -3.5324500e-01  -2.4760068e+00  -1.7532553e+00   2.7540831e-03   2.5839547e+01   7.3224357e-03   1.0000000e+00   5.3173828e-02
  -3.9015870e-02   9.7488040e-02  -3.8826949e-01  -2.4927840e+00  -1.7194184e+00   2.3872163e-02  -5.2713868e+01   9.9612275e-03   1.0000000e+00   5.2872941e-02
  -3.9663231e-02   9.9288594e-02  -4.1086003e-01  -2.4968826e+00  -1.8045457e+00   4.6400817e-03  -1.7606595e+01   9.0974591e-03   1.0000000e+00   5.1393547e-02
  -6.0000000e-03   9.6746864e-02  -4.3053878e-01  -2.3113620e+00  -1.5125462e+00   5.9618759e-03   2.7892869e+02   3.9976078e-03   1.0000000e+00   5.1384915e-02
  -4.0000000e-02   6.1106082e-02  -3.3955170e-01  -2.4399420e+00  -1.7458579e+00   2.2454187e-02  -1.5983804e+02   1.7925476e-02   1.0000000e+00   4.9920628e-02
  -4.0000000e-02   5.3653191e-02  -3.3596844e-01  -2.4447420e+00  -1.7508879e+00   2.2145536e-02  -1.6959616e+02   1.8847563e-02   1.0000000e+00   4.7700769e-02
  -4.0000000e-02   6.1967892e-02  -3.3882633e-01  -2.4601467e+00  -1.7501955e+00   2.0668545e-02  -1.5496152e+02   1.7274308e-02   1.0000000e+00   4.7367869e-02
  -4.0000000e-02   9.7422000e-02  -3.2208465e-01  -2.4839394e+00  -1.7829151e+00   2.2893112e-02  -7.9857939e+01   1.1392401e-02   1.0000000e+00   4.6985024e-02
  -3.9986617e-02   8.2595037e-02  -4.0807647e-01  -2.4739522e+00  -1.7758549e+00   2.1319630e-03   1.1867307e+01   7.8025530e-03   1.0000000e+00   4.6017056e-02
  -7.0063968e-03   9.8505512e-02  -4.2996725e-01  -2.3069294e+00  -1.5083648e+00   5.7259184e-03   2.6759683e+02   4.3058234e-03   1.0000000e+00   4.2205781e-02
  -3.9999935e-02   6.8984442e-02  -3.5383335e-01  -2.4038431e+00  -1.7382368e+00   2.2765001e-02  -1.3971478e+02   1.6561341e-02   1.0000000e+00   3.9869609e-02
  -8.6322430e-03   1.0000000e-01  -4.3573330e-01  -2.2852893e+00  -1.5000000e+00   5.3061250e-03   2.4635583e+02   5.0232300e-03   1.0000000e+00   3.8790874e-02
  -4.0000000e-02   1.0000000e-01  -3.3993859e-01  -2.4998796e+00  -1.7520362e+00   2.0795703e-03   3.3877342e+01   6.9735122e-03   1.0000000e+00   3.8760659e-02
  -4.0000000e-02   8.2783752e-02  -3.3389523e-01  -2.4999435e+00  -1.7553713e+00   2.6460105e-02  -1.3101477e+02   1.5729137e-02   1.0000000e+00   3.7575250e-02
  -6.0000000e-03   9.9554798e-02  -3.9743547e-01  -2.2798478e+00  -1.5066531e+00   3.4259231e-03   2.9697292e+02   3.3579433e-03   1.0000000e+00   3.6915106e-02
  -4.0000000e-02   6.6927112e-02  -3.5751782e-01  -2.4027577e+00  -1.7341823e+00   2.3093429e-02  -1.4401452e+02   1.6933996e-02   1.0000000e+00   3.6554663e-02
  -6.7202495e-03   1.0000000e-01  -4.0071738e-01  -2.2783209e+00  -1.5000000e+00   6.3689683e-03   2.8037857e+02   3.8449104e-03   1.0000000e+00   3.5896785e-02
  -9.2788388e-03   1.0000000e-01  -4.2652062e-01  -2.2957520e+00  -1.5157585e+00   5.7556551e-03   2.3514778e+02   5.4024672e-03   1.0000000e+00   3.5884774e-02
  -4.0000000e-02   9.9164384e-02  -3.4587012e-01  -2.4859545e+00  -1.7505832e+00   2.1153642e-03   3.2978612e+01   7.0370400e-03   1.0000000e+00   3.5571138e-02
  -1.0284731e-02   1.0000000e-01  -4.2922604e-01  -2.2949879e+00  -1.5000000e+00   5.2459755e-03   2.1919788e+02   5.8383917e-03   1.0000000e+00   3.3303627e-02
  -3.9999609e-02   6.2908325e-02  -3.3888349e-01  -2.4439362e+00  -1.7459327e+00   2.2241279e-02  -1.5685063e+02   1.7616094e-02   1.0000000e+00   3.2696267e-02
