  -4.0000000e-02   3.0325453e-02  -3.0817640e-01  -2.5000000e+00  -1.6118827e+00   2.8136228e-02  -1.9245977e+02   2.1403709e-02   1.0000000e+00             Inf
  -6.0000000e-03   1.0000000e-01  -3.8765958e-01  -2.4525487e+00  -1.5000049e+00   5.9150103e-03   3.1196218e+02   2.4721791e-03   1.0000000e+00             Inf
  -4.0000000e-02   9.7441628e-02  -3.1186753e-01  -2.4998676e+00  -1.6426043e+00   2.0000000e-03   4.7451419e+01   7.0286189e-03   1.0000000e+00   1.8822714e-01
  -1.1964771e-02   9.8412492e-02  -4.5215852e-01  -2.4204631e+00  -1.5021471e+00   1.8756522e-02   1.2645858e+02   7.0273991e-03   1.0000000e+00   1.8099121e-01
  -4.0000000e-02   8.3838950e-02  -2.8842241e-01  -2.4561492e+00  -1.7910811e+00   1.9886400e-02  -1.0245854e+02   1.3675809e-02   1.0000000e+00   1.1755812e-01
  -4.0000000e-02   9.2414415e-02  -2.9871446e-01  -2.4930511e+00  -1.8048158e+00   1.6935316e-02  -9.2136036e+01   1.2629181e-02   1.0000000e+00   1.1052722e-01
  -4.0000000e-02   6.0006028e-02  -3.8593659e-01  -2.3261499e+00  -1.7213524e+00   1.9466931e-02  -1.4300557e+02   1.6397757e-02   1.0000000e+00   1.0951137e-01
  -3.9715876e-02   3.5857271e-02  -4.4868601e-01  -2.3620255e+00  -1.7026539e+00   2.1615337e-02  -1.7863636e+02   1.9046648e-02   1.0000000e+00   1.0267604e-01
  -4.0000000e-02   6.5024457e-02  -4.7420556e-01  -2.2844652e+00  -1.8166184e+00   1.7986042e-02  -1.2616905e+02   1.5779194e-02   1.0000000e+00   9.9287458e-02
  -4.0000000e-02   9.1071751e-02  -4.0457120e-01  -2.4777018e+00  -1.6438415e+00   5.5629585e-03   6.7472658e-01   8.5889738e-03   1.0000000e+00   9.8745182e-02
  -4.0000000e-02   8.0035232e-02  -2.8571897e-01  -2.4588838e+00  -1.7822428e+00   1.9716079e-02  -1.0903859e+02   1.4220364e-02   1.0000000e+00   9.3138063e-02
  -4.0000000e-02   5.5464173e-02  -4.5144172e-01  -2.3531241e+00  -1.7072327e+00   2.0717026e-02  -1.5445208e+02   1.6790917e-02   1.0000000e+00   8.7310001e-02
  -3.7984992e-02   9.9993551e-02  -4.3780266e-01  -2.5000000e+00  -1.6874923e+00   2.3613177e-02  -5.3710082e+01   9.9351015e-03   1.0000000e+00   8.6818794e-02
  -1.1198667e-02   1.0000000e-01  -4.2536314e-01  -2.4163851e+00  -1.5001218e+00   1.6516935e-02   1.7627051e+02   5.5568776e-03   1.0000000e+00   8.6049811e-02
  -4.0000000e-02   9.6088003e-02  -2.9488233e-01  -2.4950092e+00  -1.8100621e+00   1.7022455e-02  -8.6834566e+01   1.2169745e-02   1.0000000e+00   8.5868358e-02
  -4.0000000e-02   9.6205132e-02  -4.0497507e-01  -2.4331977e+00  -1.6579902e+00   2.5250863e-03   1.2197001e+01   8.0931943e-03   1.0000000e+00   8.5098397e-02
  -9.2088272e-03   9.9996933e-02  -4.2851308e-01  -2.4144806e+00  -1.5000000e+00   1.7198681e-02   1.9615215e+02   5.2502789e-03   1.0000000e+00   8.4499136e-02
  -4.0000000e-02   7.9511092e-03  -4.5349483e-01  -2.3433968e+00  -1.7818687e+00   2.0074695e-02  -1.8333827e+02   2.0281869e-02   1.0000000e+00   8.4401367e-02
  -4.0000000e-02   6.8971056e-02  -4.7807559e-01  -2.2766289e+00  -1.8184261e+00   1.6357297e-02  -1.1313908e+02   1.5038202e-02   1.0000000e+00   8.3065065e-02
  -3.9791931e-02   3.2802484e-02  -3.1898888e-01  -2.5000000e+00  -1.6080396e+00   2.8884100e-02  -1.9089298e+02   2.1365201e-02   1.0000000e+00   7.7340807e-02
  -4.0000000e-02   1.2441039e-02  -4.5729782e-01  -2.3351132e+00  -1.7886755e+00   2.0213668e-02  -1.8231053e+02   2.0089463e-02   1.0000000e+00   7.4568188e-02
  -1.2061087e-02   1.0000000e-01  -4.2950196e-01  -2.4160048e+00  -1.5000000e+00   1.7879525e-02   1.4495671e+02   6.4065415e-03   1.0000000e+00   7.3401934e-02
  -7.5179696e-03   9.9010138e-02  -3.8879798e-01  -2.4574414e+00  -1.5040595e+00   4.0496598e-03   2.8446412e+02   3.3455139e-03   1.0000000e+00   6.9679281e-02
  -1.1181614e-02   9.8388436e-02  -4.5195354e-01  -2.4100403e+00  -1.5042134e+00   1.8753976e-02   1.3510994e+02   6.8921026e-03   1.0000000e+00   6.9466837e-02
  -8.5465399e-03   9.9274616e-02  -3.9945172e-01  -2.4544072e+00  -1.5000000e+00   4.3927485e-03   2.7083138e+02   3.7069153e-03   1.0000000e+00   6.7457366e-02
  -8.5479446e-03   9.9220024e-02  -3.8818276e-01  -2.4594039e+00  -1.5000000e+00   2.9769217e-03   2.6619460e+02   3.9369090e-03   1.0000000e+00   6.7395827e-02
  -3.9538739e-02   6.6022624e-02  -4.7639283e-01  -2.2837137e+00  -1.8234911e+00   1.6808128e-02  -1.1732379e+02   1.5481960e-02   1.0000000e+00   6.4972105e-02
  -3.9192565e-02   1.0000000e-01  -3.1041934e-01  -2.4773559e+00  -1.8851881e+00   1.9536883e-02  -3.6610605e+01   9.5334425e-03   1.0000000e+00   6.3262386e-02
  -8.3618499e-03   1.0000000e-01  -4.2762270e-01  -2.4112960e+00  -1.5019621e+00   1.7359379e-02   2.0704700e+02   5.1122561e-03   1.0000000e+00   6.2443042e-02
  -4.0000000e-02   9.4019128e-02  -4.0025242e-01  -2.4438171e+00  -1.6521012e+00   2.0000000e-03   2.0556720e+01   7.7241248e-03   1.0000000e+00   6.0295201e-02
  -1.1188075e-02   9.9997088e-02  -4.2514388e-01  -2.4165974e+00  -1.5000000e+00   1.7204579e-02   1.6759970e+02   5.8077278e-03   1.0000000e+00   5.9485548e-02
  -9.6418098e-03   9.6708760e-02  -3.8396473e-01  -2.4541433e+00  -1.5069168e+00   3.9575024e-03   2.4528237e+02   4.6293041e-03   1.0000000e+00   5.8735624e-02
  -3.7216414e-02   1.0000000e-01  -3.0798383e-01  -2.4789587e+00  -1.8868741e+00   1.9414970e-02  -2.4529187e+01   9.2376173e-03   1.0000000e+00   5.5169226e-02
  -9.4337404e-03   9.8489402e-02  -3.9484033e-01  -2.4547416e+00  -1.5052061e+00   4.0418837e-03   2.5332730e+02   4.3258733e-03   1.0000000e+00   5.4816288e-02
  -3.9999301e-02   4.8392544e-02  -4.5441038e-01  -2.3510074e+00  -1.7137827e+00   2.0749021e-02  -1.6581306e+02   1.7700106e-02   1.0000000e+00   5.4231962e-02
  -4.0000000e-02   4.9331342e-02  -4.5407461e-01  -2.3476789e+00  -1.7119082e+00   2.0222906e-02  -1.6085945e+02   1.7380592e-02   1.0000000e+00   5.3720755e-02
  -7.7278342e-03   1.0000000e-01  -4.2344317e-01  -2.4060807e+00  -1.5000038e+00   1.6884424e-02   2.2638401e+02   4.7208208e-03   1.0000000e+00   5.3069228e-02
  -3.7826932e-02   1.0000000e-01  -3.0569285e-01  -2.4839678e+00  -1.9318912e+00   1.9284018e-02  -1.3867053e+01   8.9843781e-03   1.0000000e+00   5.2935296e-02
  -3.9651525e-02   1.0000000e-01  -4.3893265e-01  -2.5000000e+00  -1.7161011e+00   2.3972092e-02  -7.0504532e+01   1.0252232e-02   1.0000000e+00   5.2515957e-02
  -3.9985105e-02   9.5079339e-02  -4.3874895e-01  -2.4975417e+00  -1.6912743e+00   2.3663820e-02  -8.5868729e+01   1.1238781e-02   1.0000000e+00   5.2159067e-02
  -6.1199885e-03   9.8780339e-02  -3.8676759e-01  -2.4541669e+00  -1.5029389e+00   5.4677274e-03   3.0701991e+02   2.6627515e-03   1.0000000e+00   5.0315138e-02
  -3.8868368e-02   9.9996532e-02  -4.3872766e-01  -2.5000000e+00  -1.7181673e+00   2.3969546e-02  -6.4977707e+01   1.0112406e-02   1.0000000e+00   5.0045916e-02
  -1.1834485e-02   9.9651158e-02  -4.2405537e-01  -2.4157623e+00  -1.5000000e+00   1.7177341e-02   1.5882071e+02   6.0281191e-03   1.0000000e+00   4.8286727e-02
  -3.9880012e-02   4.5283475e-02  -4.5086182e-01  -2.3561350e+00  -1.7103865e+00   2.1608228e-02  -1.7230675e+02   1.8280744e-02   1.0000000e+00   4.7851141e-02
  -1.0220898e-02   1.0000000e-01  -4.4940320e-01  -2.4195749e+00  -1.5000000e+00   1.8534445e-02   1.5476952e+02   6.2403381e-03   1.0000000e+00   4.7473942e-02
  -4.0000000e-02   9.7705805e-02  -4.3754515e-01  -2.4993956e+00  -1.6894558e+00   2.3163071e-02  -7.8529674e+01   1.0783026e-02   1.0000000e+00   4.7328126e-02
  -4.0000000e-02   1.0000000e-01  -3.1670189e-01  -2.5000000e+00  -1.6399647e+00   2.8940951e-03   3.7867858e+01   7.2659162e-03   1.0000000e+00   4.5901777e-02
  -4.0000000e-02   9.8196317e-02  -4.3465116e-01  -2.4996532e+00  -1.6900649e+00   2.3630030e-02  -7.6414166e+01   1.0677390e-02   1.0000000e+00   4.3947127e-02
  -7.0633048e-03   1.0000000e-01  -3.8530512e-01  -2.4545816e+00  -1.5000000e+00   5.4726276e-03   2.9662657e+02   2.8737385e-03   1.0000000e+00   4.3455530e-02
  -4.0000000e-02   4.3899803e-02  -4.4734688e-01  -2.3559616e+00  -1.7130591e+00   2.1575120e-02  -1.7481977e+02   1.8426785e-02   1.0000000e+00   4.2992661e-02
