  -6.0000000e-03   9.9979133e-02  -3.6776520e-01  -2.4999204e+00  -1.5000000e+00   9.2698915e-03   3.2410564e+02   2.1280142e-03   1.0000000e+00             Inf
  -4.0000000e-02   2.5812193e-02  -4.1532253e-01  -2.4971137e+00  -1.6801555e+00   2.3667479e-02  -2.0933673e+02   1.9909101e-02   1.0000000e+00             Inf
  -9.4158550e-03   9.6160134e-02  -3.7715732e-01  -2.4997981e+00  -1.5140633e+00   6.4387577e-03   2.6181744e+02   4.0135349e-03   1.0000000e+00   1.1514115e-01
  -4.0000000e-02   8.1056690e-02  -3.7987456e-01  -2.4990368e+00  -1.7220178e+00   2.9596833e-03  -1.1038631e+01   8.7859562e-03   1.0000000e+00   1.1380306e-01
  -4.0000000e-02   8.9378853e-02  -2.9461657e-01  -2.4923184e+00  -1.7217551e+00   2.3728999e-02  -9.4108646e+01   1.2803824e-02   1.0000000e+00   1.0320889e-01
  -3.9602953e-02   6.8734540e-02  -4.0854073e-01  -2.5000000e+00  -1.6953754e+00   2.3497365e-02  -1.5755770e+02   1.5673212e-02   1.0000000e+00   1.0253258e-01
  -3.9985310e-02   9.8070108e-02  -4.6795816e-01  -2.4996968e+00  -1.8083962e+00   2.6968275e-03  -4.6229596e+01   9.9588898e-03   1.0000000e+00   1.0143818e-01
  -3.9693484e-02   7.3541641e-02  -3.9971316e-01  -2.4999991e+00  -1.6947832e+00   2.3435417e-02  -1.4602903e+02   1.4953232e-02   1.0000000e+00   9.7065641e-02
  -1.1113292e-02   9.6657761e-02  -3.7074947e-01  -2.4998195e+00  -1.5001374e+00   6.1366101e-03   2.4212993e+02   4.4565679e-03   1.0000000e+00   9.5508041e-02
  -4.0000000e-02   5.9570448e-02  -4.8265154e-01  -2.4999338e+00  -1.5001662e+00   2.0000000e-03   7.1708435e+01   7.0378591e-03   1.0000000e+00   9.3429537e-02
  -3.8056661e-02   9.5317836e-02  -4.7390766e-01  -2.4945971e+00  -1.7154660e+00   1.6275416e-02  -8.6182636e+01   1.2192516e-02   1.0000000e+00   9.1841795e-02
  -3.6086534e-02   9.8100207e-02  -4.6739027e-01  -2.4951833e+00  -1.7350980e+00   1.8745387e-02  -7.0828402e+01   1.1110657e-02   1.0000000e+00   9.1823857e-02
  -8.4491283e-03   9.8850899e-02  -3.8350845e-01  -2.5000000e+00  -1.5000000e+00   8.2695422e-03   2.8859451e+02   2.9297881e-03   1.0000000e+00   8.9271059e-02
  -3.9898616e-02   7.7053391e-02  -4.0302003e-01  -2.4999863e+00  -1.6918729e+00   2.2601333e-02  -1.3480908e+02   1.4147537e-02   1.0000000e+00   8.1489833e-02
  -1.3968454e-02   9.9998263e-02  -4.9048619e-01  -2.4978975e+00  -1.5262585e+00   1.7695406e-02   1.0773123e+02   6.9302742e-03   1.0000000e+00   8.0041238e-02
  -1.0616521e-02   9.9922238e-02  -4.9767914e-01  -2.4999919e+00  -1.5110484e+00   1.7013311e-02   1.5690108e+02   5.6369958e-03   1.0000000e+00   7.7328741e-02
  -3.9861000e-02   4.8119490e-02  -4.1438794e-01  -2.4969659e+00  -1.6838905e+00   2.4512137e-02  -1.9554354e+02   1.8544576e-02   1.0000000e+00   7.4840479e-02
  -3.9895036e-02   9.9372365e-02  -4.6812248e-01  -2.4994109e+00  -1.7727207e+00   2.0000000e-03  -3.3672810e+01   9.2518327e-03   1.0000000e+00   7.2808450e-02
  -1.0877520e-02   9.8465849e-02  -5.0000000e-01  -2.4997849e+00  -1.5152316e+00   1.8310629e-02   1.3239258e+02   6.4667949e-03   1.0000000e+00   7.2356573e-02
  -1.3839733e-02   1.0000000e-01  -4.9217151e-01  -2.4978856e+00  -1.5247987e+00   1.7664373e-02   1.0931397e+02   6.8681337e-03   1.0000000e+00   7.2296435e-02
  -9.1714488e-03   9.4935714e-02  -3.7731401e-01  -2.4999717e+00  -1.5000000e+00   8.7682390e-03   2.7390816e+02   3.4684881e-03   1.0000000e+00   7.1086514e-02
  -1.0402473e-02   1.0000000e-01  -5.0000000e-01  -2.4999976e+00  -1.5101944e+00   1.8013388e-02   1.4495874e+02   6.0263093e-03   1.0000000e+00   6.6854064e-02
  -3.9335020e-02   7.3451832e-02  -3.9984781e-01  -2.4999991e+00  -1.6951292e+00   2.1883840e-02  -1.3885203e+02   1.4570791e-02   1.0000000e+00   6.6345061e-02
  -6.0524420e-03   9.9891800e-02  -4.9268279e-01  -2.4999985e+00  -1.5052415e+00   1.6843230e-02   2.2700179e+02   4.5512711e-03   1.0000000e+00   6.5763393e-02
  -3.9999969e-02   1.0000000e-01  -3.2611159e-01  -2.4698603e+00  -1.6645645e+00   3.7237912e-03   1.5850047e+01   7.8172648e-03   1.0000000e+00   6.5157847e-02
  -3.9999993e-02   9.7587070e-02  -4.7874152e-01  -2.4995415e+00  -1.8141404e+00   3.9207956e-03  -5.5742811e+01   1.0526272e-02   1.0000000e+00   6.4912589e-02
  -3.9894573e-02   9.9941024e-02  -4.6752090e-01  -2.4994101e+00  -1.7706253e+00   2.2227282e-03  -3.4298469e+01   9.3052558e-03   1.0000000e+00   6.3303723e-02
  -3.9998394e-02   3.5130914e-02  -4.3016238e-01  -2.4968797e+00  -1.6875989e+00   2.2631324e-02  -2.0431776e+02   1.9076230e-02   1.0000000e+00   6.1791609e-02
  -4.0000000e-02   6.9567382e-02  -4.1010289e-01  -2.4854212e+00  -1.6012408e+00   3.3594263e-03   3.2041830e+01   7.6795961e-03   1.0000000e+00   6.0256732e-02
  -4.0000000e-02   5.4175001e-02  -4.9261276e-01  -2.4999934e+00  -1.5140604e+00   2.0812893e-03   6.4526423e+01   7.1514190e-03   1.0000000e+00   5.8568619e-02
  -7.5527393e-03   1.0000000e-01  -3.6681194e-01  -2.4995526e+00  -1.5041643e+00   9.5255328e-03   3.0452927e+02   2.5859046e-03   1.0000000e+00   5.8263914e-02
  -4.0000000e-02   1.0000000e-01  -3.8325193e-01  -2.4996786e+00  -1.7374474e+00   2.0683169e-03  -6.0616026e+00   8.0897133e-03   1.0000000e+00   5.8114847e-02
  -4.0000000e-02   8.1411392e-02  -4.0151899e-01  -2.4992071e+00  -1.6904319e+00   2.0421300e-02  -1.1561474e+02   1.3046631e-02   1.0000000e+00   5.7955302e-02
  -9.5949795e-03   9.9003904e-02  -5.0000000e-01  -2.5000000e+00  -1.5085919e+00   1.6712056e-02   1.7368770e+02   5.3755365e-03   1.0000000e+00   5.7948278e-02
  -9.7988390e-03   1.0000000e-01  -3.6761362e-01  -2.4983312e+00  -1.5000000e+00   9.0757826e-03   2.7540516e+02   3.2024551e-03   1.0000000e+00   5.7827515e-02
  -8.5305714e-03   9.8530714e-02  -4.9986620e-01  -2.4999996e+00  -1.5024395e+00   1.6741831e-02   1.8974687e+02   5.1138473e-03   1.0000000e+00   5.7119031e-02
  -6.1732374e-03   9.9941728e-02  -4.9506257e-01  -2.4999993e+00  -1.5057758e+00   1.7703746e-02   2.1168257e+02   4.8998677e-03   1.0000000e+00   5.7102880e-02
  -4.0000000e-02   7.0489916e-02  -4.1094732e-01  -2.4972923e+00  -1.7081274e+00   2.5162326e-02  -1.6349474e+02   1.6194193e-02   1.0000000e+00   5.5442358e-02
  -4.0000000e-02   2.5669521e-02  -4.1521395e-01  -2.4971229e+00  -1.6762650e+00   2.2556976e-02  -2.0752384e+02   1.9696793e-02   1.0000000e+00   5.3491017e-02
  -7.3320308e-03   9.8644477e-02  -4.9554284e-01  -2.4999731e+00  -1.5000000e+00   1.7704560e-02   1.9601324e+02   5.1040688e-03   1.0000000e+00   5.3155145e-02
  -3.9817787e-02   7.9499041e-02  -3.9928873e-01  -2.4998355e+00  -1.6878144e+00   2.1816995e-02  -1.2471781e+02   1.3592945e-02   1.0000000e+00   5.2774594e-02
  -6.2058206e-03   1.0000000e-01  -3.6798825e-01  -2.5000000e+00  -1.5048985e+00   9.3982760e-03   3.2039201e+02   2.2777870e-03   1.0000000e+00   5.2176227e-02
  -3.6392421e-02   9.6447236e-02  -4.7049107e-01  -2.4950934e+00  -1.7369000e+00   1.7699725e-02  -7.9214766e+01   1.1667230e-02   1.0000000e+00   5.1760196e-02
  -3.9751929e-02   5.5834258e-02  -4.1126182e-01  -2.4971021e+00  -1.6857960e+00   2.5151918e-02  -1.8634311e+02   1.7973337e-02   1.0000000e+00   5.1714652e-02
  -4.0000000e-02   9.9418772e-02  -3.0206989e-01  -2.4626661e+00  -1.6446445e+00   2.0000000e-03   3.8614799e+01   7.3488919e-03   1.0000000e+00   4.9715014e-02
  -6.3240828e-03   9.9874270e-02  -4.9461742e-01  -2.5000000e+00  -1.5151405e+00   1.6858871e-02   2.1829719e+02   4.8315024e-03   1.0000000e+00   4.8322570e-02
  -6.8781305e-03   9.9579028e-02  -3.7338441e-01  -2.4999988e+00  -1.5075875e+00   8.3719808e-03   3.0874144e+02   2.5653447e-03   1.0000000e+00   4.7064947e-02
  -4.0000000e-02   3.6630151e-02  -4.3045790e-01  -2.4968720e+00  -1.6833604e+00   2.2276610e-02  -2.0114498e+02   1.8810696e-02   1.0000000e+00   4.6348256e-02
  -9.9376143e-03   9.8905246e-02  -5.0000000e-01  -2.4999996e+00  -1.5026182e+00   1.6907234e-02   1.6813472e+02   5.4238387e-03   1.0000000e+00   4.6172841e-02
  -3.9999993e-02   9.8356513e-02  -4.7364811e-01  -2.4997021e+00  -1.8124657e+00   3.8979803e-03  -5.4259728e+01   1.0443574e-02   1.0000000e+00   4.5975583e-02
