  -6.0000000e-03   1.0000000e-01  -3.8806442e-01  -2.4583711e+00  -1.5000000e+00   5.7717887e-03   3.0771374e+02   2.5326613e-03   1.0000000e+00             Inf
  -3.9998854e-02   3.0000000e-03  -4.6998495e-01  -2.4999415e+00  -1.8735761e+00   2.0930580e-02  -2.0913100e+02   2.0637816e-02   1.0000000e+00             Inf
  -1.5530200e-02   9.8544147e-02  -4.6910433e-01  -2.4999843e+00  -1.5332657e+00   1.1425462e-02   1.4902026e+02   6.3720870e-03   1.0000000e+00   2.0607872e-01
  -4.0000000e-02   6.0682961e-02  -4.1074056e-01  -2.4994408e+00  -1.5656103e+00   2.0000000e-03   6.8316625e+01   6.6950204e-03   1.0000000e+00   1.7459476e-01
  -3.8931304e-02   9.4290721e-02  -4.0717415e-01  -2.3961147e+00  -1.7481110e+00   1.9833097e-02  -7.4982074e+01   1.1281395e-02   1.0000000e+00   1.2042476e-01
  -3.9986660e-02   9.0242907e-02  -4.1153034e-01  -2.3822444e+00  -1.7510697e+00   2.0258959e-02  -9.1995140e+01   1.2169746e-02   1.0000000e+00   1.1649932e-01
  -8.7575540e-03   9.8139194e-02  -3.9601602e-01  -2.4765605e+00  -1.5000000e+00   4.3609291e-03   2.5682807e+02   4.0364710e-03   1.0000000e+00   9.4259702e-02
  -3.9999897e-02   6.9176074e-02  -5.0000000e-01  -2.4208541e+00  -1.6920958e+00   2.7199644e-03   5.4210531e+00   8.0253380e-03   1.0000000e+00   9.3000946e-02
  -3.9963019e-02   8.3085539e-02  -4.7440172e-01  -2.4955927e+00  -1.7582293e+00   2.0667623e-02  -1.1624854e+02   1.2767013e-02   1.0000000e+00   8.4385515e-02
  -3.9998184e-02   6.8912239e-02  -4.9364959e-01  -2.4686735e+00  -1.7380690e+00   2.2044421e-02  -1.4878596e+02   1.5263368e-02   1.0000000e+00   8.2495163e-02
  -9.4042413e-03   1.0000000e-01  -4.7137829e-01  -2.5000000e+00  -1.5033153e+00   1.1414690e-02   2.3618485e+02   4.2851891e-03   1.0000000e+00   8.0733853e-02
  -3.9990928e-02   9.0170433e-02  -4.0906061e-01  -2.3716674e+00  -1.7386344e+00   2.4101576e-02  -9.3854923e+01   1.2729514e-02   1.0000000e+00   7.9914682e-02
  -1.2102771e-02   9.9415969e-02  -4.7115101e-01  -2.4998947e+00  -1.5204276e+00   9.4967962e-03   2.0319754e+02   5.2722124e-03   1.0000000e+00   7.9085163e-02
  -3.9994081e-02   7.7459267e-02  -4.8875252e-01  -2.4987693e+00  -1.7502386e+00   2.9199632e-03  -1.8646658e+01   8.4762397e-03   1.0000000e+00   7.7162004e-02
  -7.4547248e-03   1.0000000e-01  -3.8066021e-01  -2.4611352e+00  -1.5000000e+00   5.5685057e-03   2.8637153e+02   3.0925543e-03   1.0000000e+00   7.4381287e-02
  -6.6113158e-03   9.9779963e-02  -3.8812773e-01  -2.4578594e+00  -1.5000000e+00   5.7709600e-03   2.9879171e+02   2.7755550e-03   1.0000000e+00   7.2217763e-02
  -1.4391772e-02   9.8834317e-02  -4.6619898e-01  -2.4967452e+00  -1.5009863e+00   1.0289401e-02   1.7591378e+02   5.7333326e-03   1.0000000e+00   7.1767535e-02
  -3.9961763e-02   8.5429976e-02  -4.9770159e-01  -2.4989349e+00  -1.7171402e+00   2.0008258e-03  -7.4935297e+00   8.1385976e-03   1.0000000e+00   7.1471224e-02
  -4.0000000e-02   5.1295092e-02  -4.8930401e-01  -2.4653861e+00  -1.7068503e+00   2.0353551e-02  -1.6401587e+02   1.6633337e-02   1.0000000e+00   7.1266644e-02
  -4.0000000e-02   5.3484302e-02  -4.0584266e-01  -2.4981813e+00  -1.5898534e+00   3.2404951e-03   5.1466045e+01   7.4079412e-03   1.0000000e+00   7.0336626e-02
  -3.9997570e-02   9.7825739e-02  -4.1747527e-01  -2.3918419e+00  -1.7405467e+00   1.9940871e-02  -7.0089349e+01   1.0756801e-02   1.0000000e+00   6.5449765e-02
  -3.9994289e-02   7.9477573e-02  -4.8875629e-01  -2.4976676e+00  -1.7736372e+00   2.8290798e-03  -2.7095235e+01   8.8489767e-03   1.0000000e+00   6.4995683e-02
  -3.9906519e-02   9.9927093e-02  -3.3482663e-01  -2.4007440e+00  -1.7107366e+00   2.0653969e-03   2.4685653e+01   7.5820430e-03   1.0000000e+00   6.4235566e-02
  -3.9997516e-02   9.9927275e-02  -3.3370470e-01  -2.4014425e+00  -1.7115307e+00   2.0000000e-03   2.5078635e+01   7.5509514e-03   1.0000000e+00   6.1431306e-02
  -3.9994471e-02   7.8952594e-02  -4.8748253e-01  -2.5000000e+00  -1.7740857e+00   3.6552950e-03  -3.1970177e+01   9.1862716e-03   1.0000000e+00   6.1335863e-02
  -3.9959712e-02   8.1046562e-02  -4.7480884e-01  -2.4981074e+00  -1.7520393e+00   2.2135510e-02  -1.2717709e+02   1.3458694e-02   1.0000000e+00   6.0227876e-02
  -3.9962416e-02   8.1320287e-02  -4.7814976e-01  -2.4973314e+00  -1.7498057e+00   2.1610382e-02  -1.2350989e+02   1.3218509e-02   1.0000000e+00   5.9348278e-02
  -3.9555898e-02   9.9265035e-02  -4.1647606e-01  -2.3875667e+00  -1.7433137e+00   1.9898839e-02  -6.3681659e+01   1.0492272e-02   1.0000000e+00   5.8868140e-02
  -3.9998137e-02   6.7035297e-02  -4.9235082e-01  -2.4645982e+00  -1.7391474e+00   2.2098743e-02  -1.5331742e+02   1.5620212e-02   1.0000000e+00   5.8795369e-02
  -4.0000000e-02   5.8636438e-02  -4.1005347e-01  -2.4997474e+00  -1.5905355e+00   2.0000000e-03   6.0858443e+01   6.7965589e-03   1.0000000e+00   5.8430201e-02
  -4.0000000e-02   4.7861373e-02  -4.9075373e-01  -2.4644681e+00  -1.7057400e+00   2.1059473e-02  -1.7316614e+02   1.7326456e-02   1.0000000e+00   5.7704222e-02
  -3.9955575e-02   7.7671435e-02  -4.7458652e-01  -2.4989523e+00  -1.7658709e+00   2.2858470e-02  -1.4186454e+02   1.4527821e-02   1.0000000e+00   5.7399469e-02
  -4.0000000e-02   4.3758818e-02  -4.8457143e-01  -2.4650156e+00  -1.7127252e+00   2.3603413e-02  -1.8754113e+02   1.8599696e-02   1.0000000e+00   5.5570673e-02
  -7.4230517e-03   9.5464614e-02  -3.9825864e-01  -2.4770411e+00  -1.5055211e+00   3.4668645e-03   2.7068886e+02   3.7872838e-03   1.0000000e+00   5.5359142e-02
  -1.5232355e-02   9.9794097e-02  -4.6960046e-01  -2.4999847e+00  -1.5008716e+00   1.1629802e-02   1.6127453e+02   5.8654677e-03   1.0000000e+00   5.5218891e-02
  -9.9244511e-03   9.9429165e-02  -4.7083462e-01  -2.5000000e+00  -1.5095559e+00   1.1095331e-02   2.2889215e+02   4.5195700e-03   1.0000000e+00   5.4921796e-02
  -3.9988629e-02   3.7402874e-02  -4.7006348e-01  -2.4680128e+00  -1.7080276e+00   2.4239918e-02  -1.9342390e+02   1.9210856e-02   1.0000000e+00   5.4768317e-02
  -4.0000000e-02   1.6878431e-02  -4.7200018e-01  -2.4944849e+00  -1.8673441e+00   2.1070775e-02  -2.0490256e+02   2.0123395e-02   1.0000000e+00   5.2143626e-02
  -3.9971013e-02   5.2268050e-02  -4.0588851e-01  -2.5000000e+00  -1.5935819e+00   2.6028018e-03   5.3268031e+01   7.2649750e-03   1.0000000e+00   5.1940979e-02
  -3.9791294e-02   6.8748586e-02  -4.7571073e-01  -2.4609734e+00  -1.7441826e+00   2.3249365e-02  -1.5687667e+02   1.6044448e-02   1.0000000e+00   5.1880143e-02
  -1.5652102e-02   9.9863739e-02  -4.6878782e-01  -2.4995330e+00  -1.5000000e+00   1.1786324e-02   1.5507445e+02   6.0030739e-03   1.0000000e+00   5.1691811e-02
  -4.0000000e-02   4.8176105e-02  -4.8470304e-01  -2.4654297e+00  -1.7110399e+00   2.2942324e-02  -1.8284793e+02   1.8059609e-02   1.0000000e+00   4.9939700e-02
  -3.9883510e-02   9.7338924e-02  -4.1266725e-01  -2.3884419e+00  -1.8241472e+00   2.1071623e-02  -5.5569803e+01   1.0199606e-02   1.0000000e+00   4.8796622e-02
  -3.9839556e-02   9.8588725e-02  -4.1015091e-01  -2.3763354e+00  -1.8376725e+00   2.1021538e-02  -4.5066510e+01   9.7639888e-03   1.0000000e+00   4.6353117e-02
  -3.9957845e-02   7.6661482e-02  -4.7521125e-01  -2.4996093e+00  -1.7416982e+00   2.1652178e-02  -1.3453263e+02   1.3922815e-02   1.0000000e+00   4.2895665e-02
  -3.9959216e-02   7.6592208e-02  -4.7521909e-01  -2.5000000e+00  -1.7417277e+00   2.1721959e-02  -1.3511002e+02   1.3957435e-02   1.0000000e+00   4.1520086e-02
  -3.9955513e-02   7.7707172e-02  -4.7452526e-01  -2.4996050e+00  -1.7597717e+00   2.2874075e-02  -1.4106575e+02   1.4445687e-02   1.0000000e+00   4.1191408e-02
  -1.3438137e-02   1.0000000e-01  -4.7264480e-01  -2.4996052e+00  -1.5102173e+00   9.1325053e-03   1.8979948e+02   5.5425349e-03   1.0000000e+00   4.0987672e-02
  -3.9988602e-02   3.4907213e-02  -4.7177707e-01  -2.4723121e+00  -1.7078950e+00   2.4214032e-02  -1.9476651e+02   1.9338178e-02   1.0000000e+00   3.9515580e-02
  -4.0000000e-02   4.5623799e-02  -4.8458522e-01  -2.4650741e+00  -1.7122572e+00   2.3720600e-02  -1.8595491e+02   1.8466380e-02   1.0000000e+00   3.8911035e-02
