  -3.9999847e-02   1.0000000e-01  -2.6202096e-01  -2.5000000e+00  -1.6707857e+00   2.0000000e-03   8.2851898e+01   6.2586110e-03   1.0000000e+00             Inf
  -3.9993936e-02   3.0486563e-02  -3.4962174e-01  -2.4657717e+00  -1.7047977e+00   2.3790641e-02  -1.8686516e+02   2.0739872e-02   1.0000000e+00             Inf
  -3.6098497e-02   9.9322880e-02  -3.6494610e-01  -2.4398771e+00  -1.7370709e+00   2.2498335e-02  -1.9482041e+01   9.0329182e-03   1.0000000e+00   1.3017044e-01
  -3.9853406e-02   7.2792016e-02  -3.2041810e-01  -2.4691216e+00  -1.7877027e+00   2.3505567e-02  -1.4161398e+02   1.6860175e-02   1.0000000e+00   1.2150409e-01
  -4.0000000e-02   9.1545880e-02  -3.0121766e-01  -2.4937078e+00  -1.7907776e+00   2.1478257e-02  -9.9397348e+01   1.2935369e-02   1.0000000e+00   1.1841651e-01
  -3.9999079e-02   7.8504094e-02  -3.1733997e-01  -2.4707832e+00  -1.8024973e+00   2.3310084e-02  -1.2905324e+02   1.5879192e-02   1.0000000e+00   1.1633432e-01
  -3.9999872e-02   9.9678458e-02  -3.3865015e-01  -2.4989872e+00  -1.7183915e+00   2.9324037e-03   4.2124271e+01   6.9079694e-03   1.0000000e+00   1.1371859e-01
  -3.9499544e-02   1.0000000e-01  -4.0578263e-01  -2.4618897e+00  -1.7783005e+00   2.2288573e-02  -4.5772327e+01   9.1553879e-03   1.0000000e+00   1.0840487e-01
  -3.9996949e-02   5.6308567e-02  -3.5056952e-01  -2.4662287e+00  -1.7080424e+00   2.3526172e-02  -1.6796942e+02   1.8477118e-02   1.0000000e+00   1.0675097e-01
  -3.9999998e-02   9.3984015e-02  -3.1037034e-01  -2.4930824e+00  -1.7889323e+00   2.0803676e-02  -8.9426137e+01   1.2077811e-02   1.0000000e+00   1.0632608e-01
  -4.0000000e-02   9.2407284e-02  -3.1007635e-01  -2.4958391e+00  -1.7912583e+00   2.1481936e-02  -9.5683656e+01   1.2563100e-02   1.0000000e+00   9.6187622e-02
  -4.0000000e-02   5.2472468e-02  -4.0247641e-01  -2.4421945e+00  -1.7171337e+00   2.1383919e-02  -1.5681021e+02   1.7747213e-02   1.0000000e+00   9.3983846e-02
  -3.9999776e-02   8.5064278e-02  -3.2261227e-01  -2.4678594e+00  -1.7974708e+00   2.0131105e-02  -1.0713645e+02   1.3663014e-02   1.0000000e+00   9.1126548e-02
  -3.9999870e-02   9.9999715e-02  -3.3837533e-01  -2.4991087e+00  -1.7199969e+00   2.0770760e-03   4.8571450e+01   6.6534062e-03   1.0000000e+00   9.0240249e-02
  -3.9998642e-02   9.9157114e-02  -2.6873568e-01  -2.4979094e+00  -1.6732325e+00   2.8454174e-03   7.4588560e+01   6.5606171e-03   1.0000000e+00   8.6029400e-02
  -3.9999898e-02   7.9830576e-02  -3.1959097e-01  -2.4698959e+00  -1.7986176e+00   2.0666387e-02  -1.2054462e+02   1.4813911e-02   1.0000000e+00   8.4772873e-02
  -3.9982940e-02   9.6956581e-02  -3.3572897e-01  -2.4800178e+00  -1.7908748e+00   2.1677948e-02  -7.5959877e+01   1.1024622e-02   1.0000000e+00   8.1025758e-02
  -3.9995905e-02   9.9932462e-02  -3.5307159e-01  -2.4993510e+00  -1.7689754e+00   2.0000000e-03   2.7231006e+01   7.1544143e-03   1.0000000e+00   7.5956458e-02
  -4.0000000e-02   8.3689204e-02  -3.1403228e-01  -2.4694718e+00  -1.7942784e+00   2.0657790e-02  -1.1310773e+02   1.4170891e-02   1.0000000e+00   7.4417824e-02
  -3.9982261e-02   9.5183137e-02  -3.3483588e-01  -2.4799330e+00  -1.7879929e+00   2.1736304e-02  -8.2157801e+01   1.1488837e-02   1.0000000e+00   7.3040831e-02
  -3.9999091e-02   5.6871132e-02  -3.9215468e-01  -2.4381988e+00  -1.7133015e+00   2.1427799e-02  -1.4900741e+02   1.7161234e-02   1.0000000e+00   7.2764862e-02
  -4.0000000e-02   9.9734610e-02  -3.6369255e-01  -2.4993060e+00  -1.7640831e+00   3.2082189e-03   1.7946389e+01   7.5414580e-03   1.0000000e+00   7.0643106e-02
  -3.9992541e-02   3.6908138e-02  -3.5281044e-01  -2.4642960e+00  -1.7080066e+00   2.3136682e-02  -1.8502432e+02   2.0284076e-02   1.0000000e+00   7.0079275e-02
  -3.9996987e-02   4.4468105e-02  -3.5211504e-01  -2.4663935e+00  -1.7117262e+00   2.4512768e-02  -1.8305424e+02   1.9929646e-02   1.0000000e+00   6.9197457e-02
  -3.9977572e-02   9.4970371e-02  -3.2959105e-01  -2.4799584e+00  -1.7879892e+00   2.1750593e-02  -8.3964728e+01   1.1652561e-02   1.0000000e+00   6.7619438e-02
  -3.9627688e-02   9.9156507e-02  -4.0882107e-01  -2.4624174e+00  -1.7731995e+00   2.1681462e-02  -5.0759907e+01   9.4220777e-03   1.0000000e+00   6.4969481e-02
  -3.9993363e-02   9.8283181e-02  -3.2309252e-01  -2.4823817e+00  -1.8024222e+00   2.0480278e-02  -7.2501652e+01   1.0833926e-02   1.0000000e+00   6.4087778e-02
  -4.0000000e-02   1.0000000e-01  -3.6359376e-01  -2.4977376e+00  -1.7665219e+00   4.6598279e-03   7.2328909e+00   8.0070051e-03   1.0000000e+00   6.1454709e-02
  -3.9988654e-02   9.9171107e-02  -3.2535035e-01  -2.4815315e+00  -1.7994317e+00   1.8582659e-02  -6.7530710e+01   1.0549117e-02   1.0000000e+00   6.1295655e-02
  -3.9821771e-02   9.9713507e-02  -3.4381964e-01  -2.4662867e+00  -1.7777757e+00   2.0191158e-02  -5.9333302e+01   9.9360319e-03   1.0000000e+00   5.9575615e-02
  -3.9963302e-02   7.7370674e-02  -4.4164300e-01  -2.4466417e+00  -1.8017741e+00   2.8817450e-03  -6.6582667e+00   8.7275694e-03   1.0000000e+00   5.7312596e-02
  -3.9999996e-02   9.8901282e-02  -3.6239629e-01  -2.5000000e+00  -1.7618991e+00   4.3017656e-03   1.1340405e+01   7.8515703e-03   1.0000000e+00   5.5178020e-02
  -3.9979321e-02   9.4179845e-02  -3.2805244e-01  -2.4664772e+00  -1.6978725e+00   2.0000000e-03   6.1583163e+01   6.5689393e-03   1.0000000e+00   5.4110318e-02
  -3.9978586e-02   9.4167978e-02  -3.3192680e-01  -2.4651067e+00  -1.6988834e+00   2.0000000e-03   6.0456960e+01   6.5854691e-03   1.0000000e+00   5.4074928e-02
  -3.9962224e-02   7.7371684e-02  -4.3181894e-01  -2.4459033e+00  -1.8017300e+00   2.0000000e-03   6.2895108e-01   8.4003497e-03   1.0000000e+00   5.2570099e-02
  -3.9999484e-02   5.2512439e-02  -3.5105475e-01  -2.4645923e+00  -1.7041001e+00   2.3680587e-02  -1.7259039e+02   1.8948170e-02   1.0000000e+00   5.2103041e-02
  -3.9998720e-02   9.9411632e-02  -2.7190115e-01  -2.4979361e+00  -1.6717851e+00   2.0697777e-03   7.9833124e+01   6.3029758e-03   1.0000000e+00   5.1492019e-02
  -3.9995004e-02   5.1450350e-02  -3.5158847e-01  -2.4647409e+00  -1.7073072e+00   2.3674796e-02  -1.7459638e+02   1.9092670e-02   1.0000000e+00   4.9768760e-02
  -3.9999119e-02   5.0044248e-02  -3.8591938e-01  -2.4382202e+00  -1.7203297e+00   2.2714842e-02  -1.6839663e+02   1.8671020e-02   1.0000000e+00   4.9661055e-02
  -4.0000000e-02   7.9176697e-02  -3.2936479e-01  -2.4706839e+00  -1.7988443e+00   2.1997650e-02  -1.2589622e+02   1.5239301e-02   1.0000000e+00   4.9398773e-02
  -3.9998904e-02   5.0829262e-02  -3.4169431e-01  -2.4689119e+00  -1.7092508e+00   2.4030526e-02  -1.7766129e+02   1.9396625e-02   1.0000000e+00   4.8534016e-02
  -3.9860976e-02   7.2204219e-02  -3.2000020e-01  -2.4691944e+00  -1.7861298e+00   2.3194185e-02  -1.4287618e+02   1.6896563e-02   1.0000000e+00   4.8201409e-02
  -3.9988715e-02   9.9853656e-02  -3.3292445e-01  -2.4788588e+00  -1.7994730e+00   1.9502764e-02  -6.4200005e+01   1.0211245e-02   1.0000000e+00   4.5143923e-02
  -3.9999744e-02   8.4271007e-02  -3.2220748e-01  -2.4704256e+00  -1.7960723e+00   1.9987563e-02  -1.0882683e+02   1.3783894e-02   1.0000000e+00   4.5024584e-02
  -3.5860967e-02   1.0000000e-01  -3.7938234e-01  -2.4388998e+00  -1.7481264e+00   2.2433792e-02  -1.6663542e+01   8.7953506e-03   1.0000000e+00   4.4391334e-02
  -4.0000000e-02   5.4668057e-02  -4.0299019e-01  -2.4422044e+00  -1.7177020e+00   2.1335046e-02  -1.5293515e+02   1.7410218e-02   1.0000000e+00   4.4122366e-02
  -3.9999843e-02   8.1605727e-02  -3.1971894e-01  -2.4709622e+00  -1.7992640e+00   2.0713849e-02  -1.1691709e+02   1.4493777e-02   1.0000000e+00   4.0154491e-02
  -4.0000000e-02   4.8170729e-02  -3.5137896e-01  -2.4711875e+00  -1.7087596e+00   2.4010826e-02  -1.8028680e+02   1.9536370e-02   1.0000000e+00   3.9747937e-02
  -3.9503413e-02   1.0000000e-01  -4.0057610e-01  -2.4622426e+00  -1.7805446e+00   2.2239483e-02  -4.6321142e+01   9.1617509e-03   1.0000000e+00   3.6908092e-02
  -3.9999857e-02   7.9982849e-02  -3.2039475e-01  -2.4700786e+00  -1.7994743e+00   1.9467730e-02  -1.1592227e+02   1.4480599e-02   1.0000000e+00   3.6420421e-02
