  -6.0000000e-03   1.0000000e-01  -4.1252955e-01  -2.3305151e+00  -1.5000000e+00   3.8291234e-03   3.1738331e+02   2.8032422e-03   1.0000000e+00             Inf
  -4.0000000e-02   2.5057283e-02  -4.6745526e-01  -2.4932265e+00  -1.8458917e+00   2.2080773e-02  -2.0121214e+02   1.9744189e-02   1.0000000e+00             Inf
  -7.6657918e-03   9.9847416e-02  -4.1075185e-01  -2.3403965e+00  -1.5014317e+00   3.9637505e-03   2.9374351e+02   3.4706236e-03   1.0000000e+00   1.6183572e-01
  -3.9995824e-02   6.5301595e-02  -4.1162175e-01  -2.4748774e+00  -1.5291140e+00   2.0000000e-03   7.6708219e+01   6.9394390e-03   1.0000000e+00   1.4910711e-01
  -1.1353401e-02   9.9937876e-02  -4.9240071e-01  -2.3843088e+00  -1.5000000e+00   1.7394992e-02   1.3368907e+02   6.8819897e-03   1.0000000e+00   1.4517827e-01
  -9.3416151e-03   9.8732138e-02  -4.0992189e-01  -2.3415018e+00  -1.5000000e+00   3.8502071e-03   2.6577889e+02   4.3337947e-03   1.0000000e+00   1.2281420e-01
  -3.8584483e-02   9.4219486e-02  -4.9731902e-01  -2.5000000e+00  -1.8909863e+00   9.8997395e-03  -9.5496328e+01   1.3400255e-02   1.0000000e+00   1.0981390e-01
  -4.0000000e-02   8.2711985e-02  -4.9675426e-01  -2.4999321e+00  -1.7919933e+00   2.9630865e-03  -3.5205722e+01   9.2843705e-03   1.0000000e+00   1.0698248e-01
  -3.9915268e-02   8.2839385e-02  -4.9537854e-01  -2.4948520e+00  -1.7486131e+00   3.9062792e-03  -2.5304280e+01   8.9999717e-03   1.0000000e+00   1.0478689e-01
  -4.0000000e-02   6.9619174e-02  -4.6381219e-01  -2.5000000e+00  -1.6611619e+00   2.2990725e-02  -1.2864837e+02   1.4345344e-02   1.0000000e+00   1.0297459e-01
  -4.0000000e-02   4.7658176e-02  -4.6182264e-01  -2.4903628e+00  -1.8078488e+00   2.3239033e-02  -1.8505960e+02   1.8364733e-02   1.0000000e+00   1.0278992e-01
  -4.0000000e-02   6.8506691e-02  -4.6600626e-01  -2.4987468e+00  -1.6976139e+00   2.4221622e-02  -1.5404732e+02   1.5677556e-02   1.0000000e+00   1.0261643e-01
  -4.0000000e-02   3.5540584e-02  -4.6635866e-01  -2.4894040e+00  -1.8480852e+00   2.3249736e-02  -1.9463384e+02   1.9196951e-02   1.0000000e+00   1.0212755e-01
  -3.9900498e-02   7.9704032e-02  -4.9606533e-01  -2.4951619e+00  -1.7485510e+00   2.0633478e-03  -1.3404561e+01   8.2213594e-03   1.0000000e+00   9.9658071e-02
  -1.0938354e-02   9.8317932e-02  -4.9455330e-01  -2.3896464e+00  -1.5001319e+00   1.5574135e-02   1.6056117e+02   6.3371456e-03   1.0000000e+00   9.8028838e-02
  -4.0000000e-02   8.2769219e-02  -4.9649702e-01  -2.4999314e+00  -1.7862656e+00   5.3455410e-03  -4.6576623e+01   1.0117453e-02   1.0000000e+00   9.7111498e-02
  -4.0000000e-02   5.2774622e-02  -4.6278747e-01  -2.4910273e+00  -1.8000961e+00   2.2943347e-02  -1.8059547e+02   1.7914184e-02   1.0000000e+00   8.4784576e-02
  -6.6167687e-03   1.0000000e-01  -4.0762944e-01  -2.3326781e+00  -1.5000000e+00   4.0104259e-03   3.0919805e+02   3.0105172e-03   1.0000000e+00   8.1616131e-02
  -3.9968988e-02   6.8646649e-02  -4.6705352e-01  -2.5000000e+00  -1.7190562e+00   2.4800841e-02  -1.6307533e+02   1.6290723e-02   1.0000000e+00   8.1568805e-02
  -9.0390301e-03   9.9685072e-02  -4.8626771e-01  -2.3891441e+00  -1.5000000e+00   1.4995603e-02   1.9823035e+02   5.6115046e-03   1.0000000e+00   7.9550749e-02
  -4.0000000e-02   7.2989581e-02  -4.6848832e-01  -2.4989867e+00  -1.6881677e+00   2.4802735e-02  -1.4034549e+02   1.4965788e-02   1.0000000e+00   7.8601516e-02
  -9.7144288e-03   9.9577119e-02  -4.9410345e-01  -2.3904420e+00  -1.5000000e+00   1.5505410e-02   1.7919715e+02   5.9784509e-03   1.0000000e+00   7.8435097e-02
  -8.2618998e-03   9.9686766e-02  -4.8667834e-01  -2.3917487e+00  -1.5000000e+00   1.4638075e-02   2.1299166e+02   5.3734614e-03   1.0000000e+00   7.7586890e-02
  -4.0000000e-02   5.7423923e-02  -4.6215579e-01  -2.4947130e+00  -1.6530236e+00   2.0000000e-03   3.6630917e+01   7.2163164e-03   1.0000000e+00   7.6149257e-02
  -8.7028674e-03   9.2600769e-02  -4.2711128e-01  -2.3384936e+00  -1.5023370e+00   6.4919061e-03   2.6165494e+02   4.5029760e-03   1.0000000e+00   7.3664089e-02
  -4.0000000e-02   6.3492482e-02  -4.6507899e-01  -2.5000000e+00  -1.8045911e+00   2.1892634e-02  -1.6676929e+02   1.6643821e-02   1.0000000e+00   7.1147144e-02
  -1.0146959e-02   9.6030318e-02  -4.2530688e-01  -2.3439374e+00  -1.5000000e+00   7.1805932e-03   2.4335421e+02   4.8491878e-03   1.0000000e+00   7.0829679e-02
  -4.0000000e-02   7.3035080e-02  -4.6885271e-01  -2.4989761e+00  -1.6873580e+00   2.5431223e-02  -1.4209457e+02   1.5237681e-02   1.0000000e+00   6.8435694e-02
  -4.0000000e-02   9.8648962e-02  -4.9986715e-01  -2.4925972e+00  -1.8766143e+00   1.0575409e-02  -9.0389216e+01   1.2592531e-02   1.0000000e+00   6.7853417e-02
  -4.0000000e-02   7.3999267e-02  -4.6705038e-01  -2.4880330e+00  -1.6521153e+00   2.2830282e-02  -1.1395188e+02   1.3683162e-02   1.0000000e+00   6.7505364e-02
  -3.9290409e-02   9.8850090e-02  -4.9964938e-01  -2.4785621e+00  -1.8843671e+00   1.3917164e-02  -7.2345587e+01   1.1160777e-02   1.0000000e+00   6.2459195e-02
  -4.0000000e-02   5.6598692e-02  -4.6232784e-01  -2.4944048e+00  -1.6521814e+00   2.6152462e-03   3.2311757e+01   7.4103573e-03   1.0000000e+00   6.0290126e-02
  -3.9991543e-02   5.9146335e-02  -4.6522602e-01  -2.5000000e+00  -1.7838829e+00   2.2291622e-02  -1.7655996e+02   1.7206059e-02   1.0000000e+00   5.8467267e-02
  -8.4090232e-03   9.9656430e-02  -4.9389276e-01  -2.3887227e+00  -1.5000000e+00   1.6196514e-02   1.8848923e+02   5.9207062e-03   1.0000000e+00   5.8361756e-02
  -4.0000000e-02   6.1627362e-02  -5.0000000e-01  -2.4999921e+00  -1.5283789e+00   2.0757944e-03   6.5835080e+01   7.2154225e-03   1.0000000e+00   5.7783536e-02
  -4.0000000e-02   9.8714385e-02  -4.9951993e-01  -2.4802198e+00  -1.9156211e+00   1.3664616e-02  -6.3113157e+01   1.0798020e-02   1.0000000e+00   5.3433977e-02
  -3.9991093e-02   6.0472759e-02  -4.6523480e-01  -2.5000000e+00  -1.7818748e+00   2.2433899e-02  -1.7545161e+02   1.7091727e-02   1.0000000e+00   5.2067334e-02
  -4.0000000e-02   7.2850678e-02  -4.6272846e-01  -2.4989572e+00  -1.6595197e+00   2.2778643e-02  -1.2066919e+02   1.3864066e-02   1.0000000e+00   5.1454634e-02
  -1.0113717e-02   9.3707486e-02  -4.2674855e-01  -2.3434302e+00  -1.5000000e+00   6.2818482e-03   2.4137436e+02   5.0403925e-03   1.0000000e+00   4.8169338e-02
  -4.0000000e-02   6.6057365e-02  -4.9998428e-01  -2.4663098e+00  -1.6849434e+00   2.1454540e-03   1.5876817e+01   7.5597144e-03   1.0000000e+00   4.3533086e-02
  -4.0000000e-02   9.3981819e-02  -4.9948641e-01  -2.4954747e+00  -1.8685033e+00   1.3281503e-02  -8.8737934e+01   1.2016457e-02   1.0000000e+00   4.2799585e-02
  -1.1187843e-02   1.0000000e-01  -4.9359669e-01  -2.3850639e+00  -1.5000000e+00   1.6526948e-02   1.4615542e+02   6.5597788e-03   1.0000000e+00   4.2468651e-02
  -3.9713073e-02   7.4690937e-02  -4.9979275e-01  -2.4606081e+00  -1.7027999e+00   2.0000000e-03   5.8872099e+00   7.8318835e-03   1.0000000e+00   4.1713724e-02
  -1.0410341e-02   9.9558812e-02  -4.9255226e-01  -2.3798772e+00  -1.5010843e+00   1.7334466e-02   1.4557456e+02   6.7296371e-03   1.0000000e+00   4.1509797e-02
  -1.0789031e-02   9.3587700e-02  -4.2337145e-01  -2.3434679e+00  -1.5000035e+00   6.6679600e-03   2.3024404e+02   5.3428996e-03   1.0000000e+00   4.1325462e-02
  -1.0620577e-02   9.3892396e-02  -4.2301831e-01  -2.3484122e+00  -1.5077548e+00   6.3424796e-03   2.3280935e+02   5.3207532e-03   1.0000000e+00   3.9319013e-02
  -4.0000000e-02   9.8092825e-02  -4.9951776e-01  -2.4799817e+00  -1.9126148e+00   1.5088745e-02  -5.6144854e+01   1.0245513e-02   1.0000000e+00   3.9205831e-02
  -3.9991489e-02   9.3489261e-02  -4.9998735e-01  -2.4845633e+00  -1.8927945e+00   1.3493671e-02  -8.3721556e+01   1.1910335e-02   1.0000000e+00   3.8375461e-02
  -4.0000000e-02   6.1581864e-02  -4.9963560e-01  -2.5000000e+00  -1.5291886e+00   2.0000000e-03   6.6030834e+01   7.1978151e-03   1.0000000e+00   3.7257430e-02
  -4.0000000e-02   9.9975386e-02  -4.9987593e-01  -2.4927044e+00  -1.8746062e+00   1.0717687e-02  -8.8963850e+01   1.2464150e-02   1.0000000e+00   3.7188952e-02
