  -6.0000000e-03   9.9999392e-02  -3.9269700e-01  -2.3494305e+00  -1.5000069e+00   3.5936065e-03   2.9390674e+02   3.1221222e-03   1.0000000e+00             Inf
  -3.9999680e-02   2.8940314e-02  -3.7511585e-01  -2.5000000e+00  -1.7043342e+00   2.4086992e-02  -1.9774059e+02   2.0671160e-02   1.0000000e+00             Inf
  -1.0650071e-02   9.5072851e-02  -3.9068308e-01  -2.4869406e+00  -1.5290186e+00   6.3570165e-03   1.8111244e+02   6.4689763e-03   1.0000000e+00   2.5668953e-01
  -4.0000000e-02   7.1348066e-02  -4.1072695e-01  -2.5000000e+00  -1.6704589e+00   2.0000000e-03   5.9521572e+01   6.5210568e-03   1.0000000e+00   2.5051426e-01
  -4.0000000e-02   6.3493922e-02  -4.0641738e-01  -2.4974466e+00  -1.7394477e+00   1.7912659e-02  -1.3474426e+02   1.5313311e-02   1.0000000e+00   1.6410539e-01
  -4.0000000e-02   8.0753559e-02  -5.0000000e-01  -2.4990541e+00  -1.8004326e+00   2.2870143e-02  -1.1658188e+02   1.3766347e-02   1.0000000e+00   1.4885991e-01
  -3.9452497e-02   5.6711542e-02  -3.9262012e-01  -2.4726460e+00  -1.7503227e+00   2.2503042e-02  -1.6958434e+02   1.8074322e-02   1.0000000e+00   1.3379405e-01
  -4.0000000e-02   9.6859972e-02  -4.8774636e-01  -2.4943145e+00  -1.7946224e+00   2.3566796e-02  -7.2571059e+01   1.0797906e-02   1.0000000e+00   1.0282199e-01
  -3.9999906e-02   9.3845387e-02  -4.9685199e-01  -2.4903632e+00  -1.7879215e+00   2.3276385e-02  -8.2822446e+01   1.1510858e-02   1.0000000e+00   9.7661023e-02
  -4.0000000e-02   8.5241522e-02  -5.0000000e-01  -2.4995811e+00  -1.8031326e+00   2.2386780e-02  -1.0451079e+02   1.2824079e-02   1.0000000e+00   9.7438772e-02
  -4.0000000e-02   5.9990930e-02  -3.9149170e-01  -2.4727546e+00  -1.7500691e+00   2.1171239e-02  -1.6239882e+02   1.7223167e-02   1.0000000e+00   9.3017779e-02
  -4.0000000e-02   4.2234572e-02  -3.8975746e-01  -2.4984755e+00  -1.7360938e+00   1.9720969e-02  -1.8014359e+02   1.8937736e-02   1.0000000e+00   9.0806480e-02
  -3.9999983e-02   9.1588265e-02  -4.1030796e-01  -2.4998207e+00  -1.7696434e+00   2.0000000e-03   1.2019914e+01   7.5656054e-03   1.0000000e+00   8.8662524e-02
  -3.9994087e-02   4.9318771e-02  -3.8062757e-01  -2.5000000e+00  -1.7347811e+00   2.3041867e-02  -1.8653797e+02   1.9062740e-02   1.0000000e+00   8.3663636e-02
  -4.0000000e-02   1.0000000e-01  -3.9422295e-01  -2.4513180e+00  -1.7315573e+00   2.1862940e-02  -5.3082308e+01   9.7122627e-03   1.0000000e+00   8.3376023e-02
  -4.0000000e-02   8.2298882e-02  -5.0000000e-01  -2.4990572e+00  -1.7969229e+00   2.2875147e-02  -1.1283301e+02   1.3483071e-02   1.0000000e+00   7.8245756e-02
  -4.0000000e-02   6.5798990e-02  -4.7222413e-01  -2.4999759e+00  -1.6914926e+00   2.0000000e-03   4.9698921e+01   6.8440802e-03   1.0000000e+00   7.7970620e-02
  -3.9985652e-02   8.5911650e-02  -4.9519870e-01  -2.4999623e+00  -1.7869418e+00   2.1418818e-02  -9.8678175e+01   1.2278362e-02   1.0000000e+00   7.4473302e-02
  -3.9934732e-02   9.6116817e-02  -4.0570401e-01  -2.4839318e+00  -1.6921575e+00   2.0000000e-03   3.9027756e+01   7.1619478e-03   1.0000000e+00   7.2548602e-02
  -3.9499366e-02   6.3184458e-02  -3.9273035e-01  -2.4727519e+00  -1.7458333e+00   2.1785167e-02  -1.5627969e+02   1.6916851e-02   1.0000000e+00   7.0103514e-02
  -3.9994754e-02   9.6379270e-02  -3.9407563e-01  -2.4546562e+00  -1.7343732e+00   2.0288312e-02  -6.4130867e+01   1.0373615e-02   1.0000000e+00   6.5358245e-02
  -4.0000000e-02   3.9969236e-02  -3.7765037e-01  -2.4997861e+00  -1.7265766e+00   2.3225183e-02  -1.9392907e+02   1.9913888e-02   1.0000000e+00   6.4916813e-02
  -6.0000000e-03   9.1888986e-02  -3.9098722e-01  -2.4823557e+00  -1.5000000e+00   5.8968253e-03   2.6324147e+02   3.7655425e-03   1.0000000e+00   6.2855825e-02
  -3.9054518e-02   9.6658821e-02  -3.9381672e-01  -2.4500644e+00  -1.7332132e+00   2.1674373e-02  -5.6652791e+01   1.0219125e-02   1.0000000e+00   6.0158469e-02
  -6.4282125e-03   9.1391136e-02  -3.9069073e-01  -2.4816647e+00  -1.5000000e+00   5.4184488e-03   2.5488561e+02   4.0300596e-03   1.0000000e+00   6.0020539e-02
  -6.8427926e-03   9.9999964e-02  -3.9247247e-01  -2.3527651e+00  -1.5038086e+00   4.0529661e-03   2.8001008e+02   3.5790997e-03   1.0000000e+00   5.9715460e-02
  -3.9983400e-02   6.5916447e-02  -3.9423588e-01  -2.4859031e+00  -1.7535191e+00   1.9382768e-02  -1.4345289e+02   1.5687095e-02   1.0000000e+00   5.8439669e-02
  -7.8959116e-03   9.2774785e-02  -3.9290860e-01  -2.4812306e+00  -1.5171786e+00   5.5922476e-03   2.2891108e+02   4.9907453e-03   1.0000000e+00   5.7316621e-02
  -1.0599240e-02   9.4886202e-02  -3.8961017e-01  -2.4805351e+00  -1.5092677e+00   7.7183003e-03   1.8877887e+02   6.0288531e-03   1.0000000e+00   5.5946331e-02
  -3.9623200e-02   9.8946232e-02  -4.3255143e-01  -2.4989388e+00  -1.7799445e+00   2.0000000e-03   2.2830968e+00   8.0447284e-03   1.0000000e+00   5.5646901e-02
  -9.2188347e-03   1.0000000e-01  -4.0057579e-01  -2.4100726e+00  -1.5000000e+00   2.0000000e-03   2.2472054e+02   5.3853949e-03   1.0000000e+00   5.5024605e-02
  -6.1093488e-03   9.9859428e-02  -3.9270857e-01  -2.3545394e+00  -1.5000000e+00   3.5960281e-03   2.9142247e+02   3.1832116e-03   1.0000000e+00   5.4305533e-02
  -4.0000000e-02   6.2023859e-02  -3.9235619e-01  -2.4860733e+00  -1.7552991e+00   1.9451755e-02  -1.5197824e+02   1.6364874e-02   1.0000000e+00   5.2420396e-02
  -9.5600706e-03   9.1256620e-02  -3.9217440e-01  -2.4812382e+00  -1.5000000e+00   5.8583411e-03   1.9662739e+02   5.9285031e-03   1.0000000e+00   5.1037189e-02
  -3.8751746e-02   9.9987687e-02  -3.9419346e-01  -2.4513522e+00  -1.7597280e+00   2.1476497e-02  -4.3240138e+01   9.2347117e-03   1.0000000e+00   5.0117232e-02
  -3.9998878e-02   3.2602786e-02  -3.7842860e-01  -2.5000000e+00  -1.7101682e+00   2.3930745e-02  -1.9734192e+02   2.0444136e-02   1.0000000e+00   4.9521968e-02
  -3.9992046e-02   9.6556512e-02  -4.0792237e-01  -2.4848582e+00  -1.6909794e+00   2.8953260e-03   3.1393995e+01   7.5278813e-03   1.0000000e+00   4.5204485e-02
  -3.8242735e-02   9.7795722e-02  -4.8705378e-01  -2.4928464e+00  -1.8569226e+00   2.1896306e-02  -3.6670090e+01   9.2091995e-03   1.0000000e+00   4.5181392e-02
  -3.5919489e-02   9.7720495e-02  -4.8307991e-01  -2.4930399e+00  -1.8588458e+00   2.2421187e-02  -2.1780063e+01   9.1571772e-03   1.0000000e+00   4.5147665e-02
  -7.0329256e-03   9.9173712e-02  -3.9268946e-01  -2.3505637e+00  -1.5000000e+00   3.5635178e-03   2.7627291e+02   3.6904066e-03   1.0000000e+00   4.4731088e-02
  -3.9986978e-02   8.8196269e-02  -4.9506491e-01  -2.4998442e+00  -1.7813889e+00   2.0724052e-02  -9.1999999e+01   1.1818260e-02   1.0000000e+00   4.4471828e-02
  -3.6099817e-02   9.8171465e-02  -4.8247201e-01  -2.4927952e+00  -1.8599464e+00   2.1901052e-02  -1.9701907e+01   8.8653758e-03   1.0000000e+00   4.3107677e-02
  -4.0000000e-02   7.1046520e-02  -5.0000000e-01  -2.5000000e+00  -1.7938886e+00   2.0000000e-03  -3.6634602e+00   8.3038608e-03   1.0000000e+00   4.2947719e-02
  -7.5202079e-03   9.1285543e-02  -3.8850701e-01  -2.4824160e+00  -1.5109093e+00   6.2377846e-03   2.3529304e+02   4.7569220e-03   1.0000000e+00   4.2176384e-02
  -4.0000000e-02   6.2230194e-02  -3.9265583e-01  -2.4863182e+00  -1.7531695e+00   1.8255525e-02  -1.4447039e+02   1.5991703e-02   1.0000000e+00   4.0801806e-02
  -1.0582250e-02   9.5045311e-02  -3.9073648e-01  -2.4860267e+00  -1.5293566e+00   6.4587131e-03   1.8279830e+02   6.4166866e-03   1.0000000e+00   4.0672986e-02
  -4.0000000e-02   8.8138966e-02  -4.9543102e-01  -2.5000000e+00  -1.7829905e+00   2.1244455e-02  -9.3420279e+01   1.1913013e-02   1.0000000e+00   3.9801359e-02
  -4.0000000e-02   7.1171251e-02  -4.1082727e-01  -2.5000000e+00  -1.6705474e+00   2.0000000e-03   5.9473217e+01   6.5234261e-03   1.0000000e+00   3.8385957e-02
  -3.9999488e-02   9.5329715e-02  -3.9662094e-01  -2.4990119e+00  -1.8095612e+00   3.0810221e-03  -1.0072090e+01   8.6098018e-03   1.0000000e+00   3.7395898e-02
  -4.0000000e-02   3.9787723e-02  -3.7716901e-01  -2.4999294e+00  -1.7273829e+00   2.3229160e-02  -1.9405901e+02   1.9933509e-02   1.0000000e+00   3.7156895e-02
