  -4.0000000e-02   2.5362518e-02  -4.0551617e-01  -2.4999533e+00  -1.6909940e+00   2.3575172e-02  -2.0887172e+02   2.0297405e-02   1.0000000e+00             Inf
  -6.0000000e-03   1.0000000e-01  -4.1678233e-01  -2.4533557e+00  -1.5000000e+00   5.5140368e-03   3.0466162e+02   2.7026151e-03   1.0000000e+00             Inf
  -3.9999964e-02   6.8658969e-02  -3.8216043e-01  -2.4999476e+00  -1.5766490e+00   2.0000000e-03   6.7288683e+01   6.7166742e-03   1.0000000e+00   2.0489979e-01
  -1.6038319e-02   9.8901576e-02  -4.0680668e-01  -2.4559022e+00  -1.5227297e+00   1.0088445e-02   1.5256231e+02   6.6426021e-03   1.0000000e+00   1.8387644e-01
  -3.9947124e-02   6.2655812e-02  -3.9609642e-01  -2.4733524e+00  -1.7717823e+00   2.0350447e-02  -1.5968606e+02   1.6426298e-02   1.0000000e+00   1.4125062e-01
  -3.6029114e-02   1.0000000e-01  -3.9601369e-01  -2.4924497e+00  -1.7609054e+00   2.1905548e-02  -3.9000151e+01   9.0681986e-03   1.0000000e+00   1.1819667e-01
  -4.0000000e-02   3.6848612e-02  -4.0790910e-01  -2.4997281e+00  -1.7367522e+00   1.7668507e-02  -1.7618651e+02   1.8164808e-02   1.0000000e+00   9.8744551e-02
  -4.0000000e-02   1.0000000e-01  -3.9925478e-01  -2.4983152e+00  -1.7981164e+00   2.2578879e-02  -6.1599432e+01   9.5971212e-03   1.0000000e+00   9.7205590e-02
  -4.0000000e-02   6.7672157e-02  -3.9722769e-01  -2.4693856e+00  -1.7726495e+00   1.8905718e-02  -1.4403144e+02   1.5372568e-02   1.0000000e+00   9.3946573e-02
  -3.9424798e-02   9.4612191e-02  -3.9688710e-01  -2.4946459e+00  -1.7918055e+00   2.0064766e-02  -7.9475298e+01   1.0842950e-02   1.0000000e+00   9.3801306e-02
  -3.9999996e-02   9.7400855e-02  -4.1676510e-01  -2.4999993e+00  -1.7287543e+00   2.0000000e-03   4.1171651e-01   7.8380885e-03   1.0000000e+00   9.0559348e-02
  -4.0000000e-02   3.4981340e-02  -4.0787289e-01  -2.4985504e+00  -1.7234795e+00   1.9283287e-02  -1.8908386e+02   1.8799272e-02   1.0000000e+00   8.5212886e-02
  -3.9982159e-02   7.3639282e-02  -3.9803916e-01  -2.4679381e+00  -1.7645641e+00   1.9990869e-02  -1.3704862e+02   1.4697731e-02   1.0000000e+00   8.4537633e-02
  -1.5214280e-02   9.8777611e-02  -4.0751499e-01  -2.4533332e+00  -1.5122098e+00   9.6690964e-03   1.6764259e+02   6.2319584e-03   1.0000000e+00   8.4319429e-02
  -3.9996488e-02   9.7573578e-02  -3.9629205e-01  -2.4861095e+00  -1.7811555e+00   2.1344247e-02  -7.1461436e+01   1.0229682e-02   1.0000000e+00   8.2479418e-02
  -4.0000000e-02   4.5100991e-02  -4.0763587e-01  -2.4981114e+00  -1.7563667e+00   1.7005095e-02  -1.6569310e+02   1.7387219e-02   1.0000000e+00   8.0061699e-02
  -4.0000000e-02   6.7950429e-02  -3.8186103e-01  -2.4999992e+00  -1.5723877e+00   3.1700171e-03   6.1899007e+01   7.1414452e-03   1.0000000e+00   7.9929446e-02
  -4.0000000e-02   8.8859317e-02  -4.0050294e-01  -2.4897482e+00  -1.7843926e+00   1.9461186e-02  -9.8390988e+01   1.2008547e-02   1.0000000e+00   7.7271128e-02
  -1.4608764e-02   9.9739153e-02  -4.0747942e-01  -2.4537359e+00  -1.5087761e+00   9.5938542e-03   1.7923327e+02   5.8332938e-03   1.0000000e+00   7.5497556e-02
  -3.9784716e-02   9.9708577e-02  -3.5810330e-01  -2.4999667e+00  -1.7551225e+00   4.0628648e-03  -6.7781839e+00   8.3669098e-03   1.0000000e+00   7.4361466e-02
  -3.9999999e-02   9.0439467e-02  -4.3794556e-01  -2.4994090e+00  -1.7776398e+00   2.9881103e-03  -2.3222406e+01   8.8323576e-03   1.0000000e+00   7.2298308e-02
  -4.0000000e-02   4.3955154e-02  -4.0762382e-01  -2.4976007e+00  -1.7358753e+00   1.6912033e-02  -1.6268432e+02   1.7218754e-02   1.0000000e+00   6.6311430e-02
  -1.1995333e-02   1.0000000e-01  -4.0755910e-01  -2.4546148e+00  -1.5027600e+00   1.1297114e-02   2.1550229e+02   4.6704119e-03   1.0000000e+00   6.4859139e-02
  -4.0000000e-02   3.8927221e-02  -4.0611069e-01  -2.4990584e+00  -1.6933442e+00   2.3102239e-02  -2.0242077e+02   1.9365540e-02   1.0000000e+00   6.4213259e-02
  -1.0527960e-02   1.0000000e-01  -4.0619004e-01  -2.4538052e+00  -1.5179265e+00   9.9121117e-03   2.3581028e+02   4.4158435e-03   1.0000000e+00   6.3995061e-02
  -3.9992943e-02   3.6506368e-02  -4.0757423e-01  -2.4985610e+00  -1.7245801e+00   1.8855706e-02  -1.8421502e+02   1.8490007e-02   1.0000000e+00   6.1174714e-02
  -4.0000000e-02   9.2164539e-02  -3.9646639e-01  -2.4940773e+00  -1.7891361e+00   2.0027750e-02  -8.9452917e+01   1.1392021e-02   1.0000000e+00   5.9740214e-02
  -4.0000000e-02   9.0233618e-02  -4.3614616e-01  -2.4993709e+00  -1.7703598e+00   2.4955589e-03  -1.7542682e+01   8.5313054e-03   1.0000000e+00   5.8475450e-02
  -6.7825396e-03   9.9982991e-02  -4.1768272e-01  -2.4514019e+00  -1.5000000e+00   4.8152847e-03   2.9387363e+02   3.0338504e-03   1.0000000e+00   5.6917537e-02
  -3.9053418e-02   9.8063620e-02  -3.9651425e-01  -2.4921417e+00  -1.7574297e+00   2.1819228e-02  -6.3931853e+01   9.9242952e-03   1.0000000e+00   5.5155800e-02
  -1.5785986e-02   9.8897534e-02  -4.0683665e-01  -2.4558721e+00  -1.5235797e+00   1.0096592e-02   1.5633192e+02   6.5322253e-03   1.0000000e+00   5.2704662e-02
  -3.9957822e-02   7.6744264e-02  -3.9632391e-01  -2.4695535e+00  -1.7582871e+00   1.9673697e-02  -1.2891232e+02   1.4143164e-02   1.0000000e+00   5.1463174e-02
  -3.9999773e-02   9.2585695e-02  -3.9646634e-01  -2.4944518e+00  -1.7890491e+00   2.0028168e-02  -8.8229179e+01   1.1305596e-02   1.0000000e+00   5.0635759e-02
  -4.0000000e-02   9.2938662e-02  -3.7314436e-01  -2.4517046e+00  -1.6565706e+00   2.0000000e-03   3.3023452e+01   7.3105456e-03   1.0000000e+00   4.9158651e-02
  -3.9114439e-02   6.9836638e-02  -3.9775776e-01  -2.4675931e+00  -1.7680141e+00   1.9551356e-02  -1.4009002e+02   1.5247613e-02   1.0000000e+00   4.8378244e-02
  -1.0069739e-02   1.0000000e-01  -4.0628505e-01  -2.4537878e+00  -1.5194113e+00   9.8952608e-03   2.4164532e+02   4.3063540e-03   1.0000000e+00   4.8356134e-02
  -3.9714657e-02   1.0000000e-01  -3.4605708e-01  -2.4934590e+00  -1.6921342e+00   3.5058803e-03   1.7321065e+01   7.5992307e-03   1.0000000e+00   4.8249978e-02
  -4.0000000e-02   2.8477923e-02  -4.0500108e-01  -2.5000000e+00  -1.6914232e+00   2.3011214e-02  -2.0793211e+02   2.0072131e-02   1.0000000e+00   4.7806094e-02
  -3.9999807e-02   8.7807113e-02  -3.7148736e-01  -2.4574685e+00  -1.6493903e+00   2.0000000e-03   3.9562603e+01   7.1730591e-03   1.0000000e+00   4.7021481e-02
  -9.2435340e-03   1.0000000e-01  -4.0745560e-01  -2.4530420e+00  -1.5115125e+00   8.0414918e-03   2.5450486e+02   4.0299304e-03   1.0000000e+00   4.6826081e-02
  -6.9548402e-03   9.8656142e-02  -4.1744508e-01  -2.4495745e+00  -1.5000000e+00   4.6127930e-03   2.8956041e+02   3.1866663e-03   1.0000000e+00   4.4887220e-02
  -4.0000000e-02   3.7276576e-02  -4.0623209e-01  -2.4990977e+00  -1.6925707e+00   2.3123624e-02  -2.0367048e+02   1.9499165e-02   1.0000000e+00   4.4832717e-02
  -3.9957165e-02   7.8252204e-02  -3.9671688e-01  -2.4695874e+00  -1.7583252e+00   1.9714345e-02  -1.2564634e+02   1.3910778e-02   1.0000000e+00   4.4133110e-02
  -1.3859859e-02   1.0000000e-01  -4.0758351e-01  -2.4558324e+00  -1.5200530e+00   1.0863623e-02   1.8616976e+02   5.5383765e-03   1.0000000e+00   4.4103999e-02
  -3.9999984e-02   8.3110387e-02  -3.9983395e-01  -2.4956149e+00  -1.7599263e+00   2.2407425e-02  -1.2306736e+02   1.3494764e-02   1.0000000e+00   4.3068437e-02
  -7.0281408e-03   9.9991915e-02  -4.0550893e-01  -2.4540408e+00  -1.5267014e+00   1.0092472e-02   2.8097954e+02   3.6129501e-03   1.0000000e+00   4.2351740e-02
  -8.1388614e-03   1.0000000e-01  -4.1707806e-01  -2.4523782e+00  -1.5112010e+00   5.5540356e-03   2.7058568e+02   3.7709050e-03   1.0000000e+00   4.1803673e-02
  -7.4487730e-03   9.8651000e-02  -4.1768709e-01  -2.4497495e+00  -1.5001586e+00   4.5971346e-03   2.8191014e+02   3.4137360e-03   1.0000000e+00   4.0937310e-02
  -3.9997134e-02   8.4825447e-02  -4.0048936e-01  -2.4969196e+00  -1.7667285e+00   2.2887950e-02  -1.1892338e+02   1.3284059e-02   1.0000000e+00   4.0049060e-02
  -8.1332896e-03   1.0000000e-01  -4.0897067e-01  -2.4514895e+00  -1.5234497e+00   8.9873512e-03   2.6698157e+02   3.8688754e-03   1.0000000e+00   3.9961525e-02
