  -6.0000000e-03   9.9985395e-02  -4.5427116e-01  -2.2415994e+00  -1.5000000e+00   2.7073492e-03   2.9776150e+02   3.7706942e-03   1.0000000e+00             Inf
  -4.0000000e-02   7.0603347e-03  -3.8683727e-01  -2.4971854e+00  -1.8273013e+00   2.2621837e-02  -2.0447112e+02   2.1562556e-02   1.0000000e+00             Inf
  -4.0000000e-02   6.7559627e-02  -3.8178055e-01  -2.4955118e+00  -1.6038913e+00   2.0000000e-03   8.1740851e+01   6.1760127e-03   1.0000000e+00   2.9031071e-01
  -9.1930398e-03   9.5615565e-02  -4.8571184e-01  -2.3754866e+00  -1.5000000e+00   9.0221138e-03   2.0762636e+02   6.1182360e-03   1.0000000e+00   2.8579974e-01
  -4.0000000e-02   1.0000000e-01  -3.8679135e-01  -2.5000000e+00  -1.6598572e+00   2.7037727e-02  -3.1497892e+01   9.5183310e-03   1.0000000e+00   1.3997022e-01
  -3.9959452e-02   9.7315455e-02  -4.1662659e-01  -2.4895400e+00  -1.6952558e+00   2.3092889e-02  -6.1546787e+01   1.0442477e-02   1.0000000e+00   1.2901610e-01
  -4.0000000e-02   9.9934299e-02  -4.2908148e-01  -2.4994961e+00  -1.7332327e+00   2.3296962e-03   1.6045479e+01   7.7482839e-03   1.0000000e+00   1.1144926e-01
  -4.0000000e-02   7.8513774e-02  -3.4926555e-01  -2.4633461e+00  -1.7398918e+00   2.0000000e-03   3.4983998e+01   7.5995993e-03   1.0000000e+00   1.0190790e-01
  -3.9916409e-02   1.0000000e-01  -3.0022911e-01  -2.4523709e+00  -1.7267399e+00   2.9505214e-03   4.6036000e+01   6.9975831e-03   1.0000000e+00   9.7440728e-02
  -7.4281776e-03   9.8762113e-02  -4.5411999e-01  -2.2455204e+00  -1.5000000e+00   2.4940746e-03   2.7489184e+02   4.5515308e-03   1.0000000e+00   9.1535028e-02
  -4.0000000e-02   6.2442465e-02  -4.1368454e-01  -2.4913146e+00  -1.7212872e+00   2.2517814e-02  -1.5443070e+02   1.6570537e-02   1.0000000e+00   8.1000284e-02
  -3.6806960e-02   7.0373284e-02  -4.3379034e-01  -2.5000000e+00  -1.6797045e+00   2.1287372e-03   6.5995716e+01   6.9645542e-03   1.0000000e+00   8.0857467e-02
  -4.0000000e-02   9.2176594e-02  -3.9078527e-01  -2.4865918e+00  -1.8110773e+00   2.0000000e-03  -1.7748370e+00   8.2802875e-03   1.0000000e+00   8.0416496e-02
  -3.9651369e-02   6.4676496e-02  -4.1670464e-01  -2.4961917e+00  -1.7266009e+00   2.1155416e-02  -1.4185093e+02   1.5690012e-02   1.0000000e+00   7.8866799e-02
  -3.9988392e-02   5.8771938e-02  -3.9040898e-01  -2.4942497e+00  -1.7034947e+00   2.2499063e-02  -1.5877281e+02   1.7111519e-02   1.0000000e+00   7.6816147e-02
  -4.0000000e-02   6.8033327e-02  -3.7304226e-01  -2.4950536e+00  -1.6246522e+00   2.7001490e-03   7.2469226e+01   6.4953895e-03   1.0000000e+00   7.5670630e-02
  -3.9999960e-02   6.4717910e-02  -4.1525721e-01  -2.4957202e+00  -1.7162625e+00   2.2624708e-02  -1.4763537e+02   1.6064923e-02   1.0000000e+00   7.4538006e-02
  -7.9416142e-03   9.5513208e-02  -4.8108947e-01  -2.3672496e+00  -1.5010534e+00   9.3802461e-03   2.2219216e+02   5.7352033e-03   1.0000000e+00   7.3647850e-02
  -6.1263890e-03   9.7365636e-02  -4.8665144e-01  -2.3752064e+00  -1.5000000e+00   1.0505395e-02   2.3840324e+02   5.3306207e-03   1.0000000e+00   7.2238466e-02
  -3.9964256e-02   9.6951690e-02  -2.8581595e-01  -2.4626938e+00  -1.8187040e+00   1.8264813e-02  -7.9957576e+01   1.1913469e-02   1.0000000e+00   7.0933521e-02
  -4.0000000e-02   9.3131555e-02  -3.9082103e-01  -2.4872578e+00  -1.8183116e+00   2.6623823e-03  -9.4291368e+00   8.6790123e-03   1.0000000e+00   6.0238144e-02
  -6.0000000e-03   9.7469550e-02  -4.7877830e-01  -2.3805657e+00  -1.5008729e+00   8.6828601e-03   2.5214891e+02   4.7798964e-03   1.0000000e+00   6.0211169e-02
  -3.9183123e-02   8.8121365e-02  -4.6109543e-01  -2.5000000e+00  -1.7069022e+00   2.6812048e-02  -9.2458122e+01   1.3135395e-02   1.0000000e+00   5.8791665e-02
  -7.4154223e-03   9.8737660e-02  -4.5502294e-01  -2.2422029e+00  -1.5000000e+00   2.7842547e-03   2.7426668e+02   4.5669561e-03   1.0000000e+00   5.8119052e-02
  -3.9647959e-02   7.3637915e-03  -3.8605964e-01  -2.4971330e+00  -1.8133370e+00   2.4108705e-02  -2.0068191e+02   2.1417045e-02   1.0000000e+00   5.6820221e-02
  -4.0000000e-02   2.2310864e-02  -3.8621168e-01  -2.5000000e+00  -1.8056937e+00   2.6854264e-02  -1.9619038e+02   2.0799981e-02   1.0000000e+00   5.6028850e-02
  -4.0000000e-02   5.2649195e-02  -4.0538024e-01  -2.4982790e+00  -1.7489989e+00   2.4873295e-02  -1.8205216e+02   1.8758965e-02   1.0000000e+00   5.3598027e-02
  -3.9999994e-02   4.4810203e-02  -4.0622034e-01  -2.4999978e+00  -1.7506848e+00   2.4165282e-02  -1.8849028e+02   1.9327224e-02   1.0000000e+00   5.2808394e-02
  -3.9970372e-02   7.6346425e-02  -4.1322127e-01  -2.4982023e+00  -1.7020617e+00   2.1884716e-02  -1.0747366e+02   1.3343140e-02   1.0000000e+00   5.1579356e-02
  -3.9996604e-02   7.4325420e-02  -4.0612058e-01  -2.4965917e+00  -1.6980836e+00   2.1090965e-02  -1.0826625e+02   1.3493076e-02   1.0000000e+00   5.1236237e-02
  -4.0000000e-02   9.5626877e-02  -4.4199730e-01  -2.4889456e+00  -1.7065903e+00   2.3391821e-02  -6.9715730e+01   1.0878625e-02   1.0000000e+00   5.0829083e-02
  -7.9416565e-03   9.7295897e-02  -4.8304602e-01  -2.3698845e+00  -1.5021384e+00   1.0734486e-02   2.1725088e+02   5.8916192e-03   1.0000000e+00   5.0530627e-02
  -3.9050402e-02   9.9752103e-02  -2.7492270e-01  -2.4649708e+00  -1.8159344e+00   1.8751785e-02  -7.2167095e+01   1.1532843e-02   1.0000000e+00   4.8499204e-02
  -3.9995786e-02   9.9575491e-02  -2.2780613e-01  -2.4991558e+00  -1.8023762e+00   2.1809489e-02  -9.0312302e+01   1.2905077e-02   1.0000000e+00   4.8062071e-02
  -4.0000000e-02   6.9184188e-02  -4.1525789e-01  -2.4972146e+00  -1.7359638e+00   2.1153055e-02  -1.3680207e+02   1.5045511e-02   1.0000000e+00   4.7865999e-02
  -3.9995629e-02   2.3171311e-02  -3.8266487e-01  -2.4997688e+00  -1.8057381e+00   2.7364682e-02  -1.9304295e+02   2.0690802e-02   1.0000000e+00   4.6973381e-02
  -3.9998188e-02   7.0486941e-02  -4.0496921e-01  -2.4987336e+00  -1.7037131e+00   2.2307259e-02  -1.2759346e+02   1.4709908e-02   1.0000000e+00   4.6673026e-02
  -3.9999195e-02   4.3343654e-02  -4.0559879e-01  -2.5000000e+00  -1.7513749e+00   2.4148451e-02  -1.8938892e+02   1.9438616e-02   1.0000000e+00   4.6090871e-02
  -3.9995745e-02   1.0000000e-01  -2.4621263e-01  -2.4990255e+00  -1.7974730e+00   2.1771312e-02  -8.5922165e+01   1.2307602e-02   1.0000000e+00   4.5506780e-02
  -4.0000000e-02   3.7155104e-02  -3.9039708e-01  -2.4999660e+00  -1.7267712e+00   2.6385142e-02  -1.8985528e+02   2.0098911e-02   1.0000000e+00   4.3085250e-02
  -3.9995734e-02   9.9510148e-02  -2.4625830e-01  -2.4989521e+00  -1.7915808e+00   2.1775541e-02  -8.8041668e+01   1.2436736e-02   1.0000000e+00   4.2322628e-02
  -3.9996550e-02   7.2031164e-02  -4.0578890e-01  -2.4965863e+00  -1.7026008e+00   2.1046621e-02  -1.1582864e+02   1.3958748e-02   1.0000000e+00   4.2040908e-02
  -3.9999748e-02   5.8907406e-02  -3.8660141e-01  -2.4938217e+00  -1.7158549e+00   2.4990156e-02  -1.7342743e+02   1.8221202e-02   1.0000000e+00   4.1901637e-02
  -3.9063470e-02   1.0000000e-01  -2.8240273e-01  -2.4631991e+00  -1.8162867e+00   1.8293491e-02  -7.0545041e+01   1.1384022e-02   1.0000000e+00   4.1651546e-02
  -4.0000000e-02   6.0015449e-02  -3.8684121e-01  -2.4963931e+00  -1.7200433e+00   2.3069967e-02  -1.6663103e+02   1.7505036e-02   1.0000000e+00   3.9762757e-02
  -4.0000000e-02   3.6592675e-02  -3.9032776e-01  -2.5000000e+00  -1.7259614e+00   2.5776907e-02  -1.9171575e+02   2.0122753e-02   1.0000000e+00   3.9614516e-02
  -4.0000000e-02   9.2190060e-02  -3.9404967e-01  -2.4831233e+00  -1.8155967e+00   3.8190741e-03  -1.6556905e+01   9.0958347e-03   1.0000000e+00   3.9317809e-02
  -3.8726672e-02   5.3618013e-02  -4.0442459e-01  -2.4996470e+00  -1.7434818e+00   2.3686524e-02  -1.7433360e+02   1.8570853e-02   1.0000000e+00   3.8558265e-02
  -4.0000000e-02   1.0000000e-01  -3.9726012e-01  -2.5000000e+00  -1.8218912e+00   2.0000000e-03  -6.4494262e+00   8.3821489e-03   1.0000000e+00   3.7651065e-02
  -6.8815432e-03   9.7108958e-02  -4.8245882e-01  -2.3810867e+00  -1.5005143e+00   8.5751710e-03   2.4086064e+02   5.1112875e-03   1.0000000e+00   3.7615074e-02
