  -6.0000000e-03   1.0000000e-01  -3.8246301e-01  -2.2604931e+00  -1.5000000e+00   3.4397206e-03   3.0021068e+02   3.2393039e-03   1.0000000e+00             Inf
  -3.9996823e-02   7.7048758e-02  -6.8337921e-02  -2.5000000e+00  -1.7069506e+00   2.8142963e-02  -1.8948957e+02   2.2305338e-02   1.0000000e+00             Inf
  -2.9218188e-02   9.9910564e-02  -1.4466396e-01  -2.4833447e+00  -1.5964389e+00   2.0000000e-03   1.3317398e+02   7.0670618e-03   1.0000000e+00   1.9075801e-01
  -3.9248601e-02   1.0000000e-01  -3.0718414e-01  -2.3518299e+00  -1.7421674e+00   2.0000000e-03   4.8903248e+01   7.2105211e-03   1.0000000e+00   1.8237436e-01
  -3.9679103e-02   9.1847902e-02  -4.9948200e-01  -2.4929404e+00  -1.7535000e+00   1.5669993e-02  -7.8694450e+01   1.2193270e-02   1.0000000e+00   1.4597853e-01
  -4.0000000e-02   8.0793123e-02  -2.9744503e-01  -2.4873875e+00  -1.9455250e+00   2.6956942e-02  -7.9927774e+01   1.4431633e-02   1.0000000e+00   1.4523471e-01
  -3.8935511e-02   7.5361277e-02  -2.1477977e-01  -2.4988178e+00  -1.7476963e+00   2.4994471e-02  -1.5792043e+02   1.9262246e-02   1.0000000e+00   1.2627488e-01
  -4.0000000e-02   7.7014778e-02  -3.2339224e-01  -2.4640238e+00  -1.7817583e+00   1.9771952e-02  -1.2390287e+02   1.4956884e-02   1.0000000e+00   1.1987989e-01
  -4.0000000e-02   8.1133900e-02  -2.9493326e-01  -2.4843150e+00  -1.9349461e+00   2.8216815e-02  -8.4316992e+01   1.4743412e-02   1.0000000e+00   1.1734907e-01
  -3.9929303e-02   9.2857852e-02  -4.4062857e-01  -2.4931090e+00  -1.7723546e+00   1.6793848e-02  -7.4047686e+01   1.1010082e-02   1.0000000e+00   1.0327877e-01
  -3.9999923e-02   9.8624942e-02  -3.9030651e-01  -2.2651853e+00  -1.8111135e+00   7.0701700e-03  -2.5987799e+01   1.1002904e-02   1.0000000e+00   1.0236805e-01
  -3.9743330e-02   1.0000000e-01  -3.1481842e-01  -2.3598671e+00  -1.7480951e+00   3.7375996e-03   3.1061933e+01   7.7803889e-03   1.0000000e+00   9.6883657e-02
  -4.0000000e-02   7.6913489e-02  -2.9386992e-01  -2.5000000e+00  -1.7613949e+00   2.6437906e-02  -1.4965960e+02   1.7704882e-02   1.0000000e+00   8.9961562e-02
  -4.0000000e-02   7.9000208e-02  -2.9759046e-01  -2.5000000e+00  -1.7509141e+00   2.2827676e-02  -1.3542230e+02   1.5719812e-02   1.0000000e+00   8.7228149e-02
  -7.7388738e-03   9.9907726e-02  -3.0559567e-01  -2.3035975e+00  -1.5000000e+00   2.0000000e-03   2.5265894e+02   4.7159437e-03   1.0000000e+00   8.6206036e-02
  -2.7762616e-02   9.9559581e-02  -1.2444606e-01  -2.4727093e+00  -1.5742529e+00   2.0282949e-03   1.6249163e+02   6.4834451e-03   1.0000000e+00   8.6107762e-02
  -3.9808142e-02   7.8797316e-02  -2.3304148e-01  -2.4981160e+00  -1.7589143e+00   2.4535769e-02  -1.5135136e+02   1.8151249e-02   1.0000000e+00   8.4969217e-02
  -3.9953680e-02   7.9056587e-02  -2.9945089e-01  -2.5000000e+00  -1.7540803e+00   2.4580966e-02  -1.4248007e+02   1.6528166e-02   1.0000000e+00   8.1652909e-02
  -3.9998761e-02   7.9388808e-02  -6.6963224e-02  -2.5000000e+00  -1.7072183e+00   2.5578074e-02  -1.7995817e+02   2.1464707e-02   1.0000000e+00   7.2382139e-02
  -2.6377076e-02   9.9135721e-02  -1.3698576e-01  -2.5000000e+00  -1.5188199e+00   2.0000000e-03   1.7789629e+02   6.1388257e-03   1.0000000e+00   7.0597608e-02
  -2.7790211e-02   9.9719959e-02  -1.2677823e-01  -2.4725261e+00  -1.5885104e+00   2.1206003e-03   1.5249855e+02   6.7917212e-03   1.0000000e+00   7.0251802e-02
  -4.0000000e-02   1.0000000e-01  -3.9329936e-01  -2.2771926e+00  -1.8094333e+00   2.0000000e-03   7.7786201e+00   8.8909044e-03   1.0000000e+00   6.9729153e-02
  -4.0000000e-02   3.3733970e-02  -3.0152737e-01  -2.4998247e+00  -1.8020150e+00   2.8059237e-02  -1.6671174e+02   1.9960767e-02   1.0000000e+00   6.9371819e-02
  -4.0000000e-02   2.0771903e-02  -3.2488058e-01  -2.4595311e+00  -1.7493426e+00   1.9952557e-02  -1.7529739e+02   2.1004906e-02   1.0000000e+00   6.8303242e-02
  -4.0000000e-02   8.5070331e-02  -3.7019027e-01  -2.2725193e+00  -1.7481829e+00   2.6540043e-03   2.4618099e+01   8.3126939e-03   1.0000000e+00   6.7256469e-02
  -6.3910025e-03   9.9654487e-02  -3.4334522e-01  -2.3933357e+00  -1.5000000e+00   2.0000000e-03   2.7403830e+02   3.5918358e-03   1.0000000e+00   6.7083504e-02
  -3.9690926e-02   9.2160828e-02  -4.8227979e-01  -2.4934952e+00  -1.7516218e+00   1.6556339e-02  -7.6939664e+01   1.1764741e-02   1.0000000e+00   6.6785549e-02
  -6.6733294e-03   9.9918845e-02  -3.7899421e-01  -2.2561993e+00  -1.5000028e+00   3.4283681e-03   2.9051884e+02   3.5661585e-03   1.0000000e+00   6.5127572e-02
  -2.5416543e-02   9.8361388e-02  -8.3120718e-02  -2.5000000e+00  -1.5000000e+00   2.0000000e-03   2.2424212e+02   5.0149496e-03   1.0000000e+00   6.4401838e-02
  -3.9999799e-02   7.7089751e-02  -7.0749471e-02  -2.4991739e+00  -1.7109893e+00   2.8031929e-02  -1.8937195e+02   2.2271353e-02   1.0000000e+00   6.3554241e-02
  -3.9999970e-02   7.9009074e-02  -3.2507081e-01  -2.5000000e+00  -1.7508509e+00   2.2778160e-02  -1.3191035e+02   1.5176042e-02   1.0000000e+00   6.3538456e-02
  -2.6443145e-02   9.9985451e-02  -6.6291747e-02  -2.4989874e+00  -1.5000000e+00   2.0000000e-03   2.2888355e+02   4.9057010e-03   1.0000000e+00   6.0059724e-02
  -3.9236753e-02   9.9562317e-02  -3.0905811e-01  -2.3622994e+00  -1.7420843e+00   2.2980639e-03   4.5957622e+01   7.2963417e-03   1.0000000e+00   5.8354834e-02
  -3.9598340e-02   8.6096981e-02  -3.7201289e-01  -2.2786271e+00  -1.7456996e+00   5.7983456e-03   3.8355356e+00   9.5709937e-03   1.0000000e+00   5.7867379e-02
  -3.9955069e-02   7.9057063e-02  -3.0303843e-01  -2.5000000e+00  -1.7537729e+00   2.4588223e-02  -1.4197477e+02   1.6447287e-02   1.0000000e+00   5.6810032e-02
  -4.0000000e-02   9.8175518e-02  -3.8050237e-01  -2.2721323e+00  -1.8013168e+00   5.3278076e-03  -9.1709679e+00   9.9611222e-03   1.0000000e+00   5.4618944e-02
  -7.7712391e-03   9.9879468e-02  -3.4952768e-01  -2.3860019e+00  -1.5000000e+00   2.8626516e-03   2.5415349e+02   4.2459560e-03   1.0000000e+00   5.3732905e-02
  -2.8116030e-02   9.9744541e-02  -6.9874467e-02  -2.5000000e+00  -1.5247426e+00   2.0000000e-03   2.0707804e+02   5.3142812e-03   1.0000000e+00   5.2062163e-02
  -2.7736241e-02   9.9715092e-02  -9.9378871e-02  -2.5000000e+00  -1.5118110e+00   2.5116824e-03   2.0051979e+02   5.6509583e-03   1.0000000e+00   4.9817743e-02
  -7.0754010e-03   1.0000000e-01  -3.4863979e-01  -2.3858516e+00  -1.5086020e+00   2.8758295e-03   2.6653458e+02   3.9113696e-03   1.0000000e+00   4.8883813e-02
  -4.0000000e-02   3.4261527e-02  -3.0312509e-01  -2.4876543e+00  -1.8008854e+00   2.6206318e-02  -1.7122448e+02   2.0295596e-02   1.0000000e+00   4.8335007e-02
  -4.0000000e-02   9.2309566e-02  -4.4320652e-01  -2.4913096e+00  -1.7771569e+00   1.6673834e-02  -7.5017649e+01   1.1063088e-02   1.0000000e+00   4.5486920e-02
  -7.3650744e-03   9.9865599e-02  -3.5748196e-01  -2.3884450e+00  -1.5177103e+00   3.8091206e-03   2.6282283e+02   4.0871920e-03   1.0000000e+00   4.2831806e-02
  -2.8638928e-02   9.9964867e-02  -1.4152715e-01  -2.4873766e+00  -1.5877826e+00   2.0200395e-03   1.3953222e+02   6.9289644e-03   1.0000000e+00   4.2756148e-02
  -4.0000000e-02   9.7023816e-02  -3.8061583e-01  -2.2674318e+00  -1.7981619e+00   6.0902840e-03  -1.3891594e+01   1.0270628e-02   1.0000000e+00   4.1137110e-02
  -4.0000000e-02   9.7181806e-02  -3.8183857e-01  -2.2668698e+00  -1.7987036e+00   6.7180956e-03  -1.8663658e+01   1.0552161e-02   1.0000000e+00   3.9028736e-02
  -4.0000000e-02   8.2600979e-02  -3.7938262e-01  -2.2619320e+00  -1.7498849e+00   3.0009059e-03   1.9473023e+01   8.6114994e-03   1.0000000e+00   3.8707138e-02
  -4.0000000e-02   8.2543565e-02  -3.7856627e-01  -2.2572157e+00  -1.7498314e+00   3.2810494e-03   1.7402195e+01   8.7697408e-03   1.0000000e+00   3.8535332e-02
  -2.6880542e-02   9.9455750e-02  -1.3081255e-01  -2.5000000e+00  -1.5000000e+00   2.2279764e-03   1.8916885e+02   5.9105189e-03   1.0000000e+00   3.7828382e-02
  -6.0000000e-03   9.9438413e-02  -3.8707988e-01  -2.2602763e+00  -1.5001604e+00   3.9790343e-03   2.9851987e+02   3.3032788e-03   1.0000000e+00   3.4542151e-02
