  -4.0000000e-02   3.0000000e-03  -4.9091017e-01  -2.5000000e+00  -1.8889573e+00   1.9983830e-02  -2.0947360e+02   2.0617847e-02   1.0000000e+00             Inf
  -6.0256024e-03   9.9996981e-02  -3.4008599e-01  -2.4998907e+00  -1.5000000e+00   4.5983056e-03   2.9844421e+02   2.7020156e-03   1.0000000e+00             Inf
  -1.2739040e-02   1.0000000e-01  -3.1124174e-01  -2.4999434e+00  -1.5113247e+00   3.3651443e-03   1.7652729e+02   6.7898161e-03   1.0000000e+00   2.5513421e-01
  -3.9999975e-02   6.4792963e-02  -4.3489685e-01  -2.4999093e+00  -1.6045309e+00   2.0288160e-03   5.5117055e+01   6.8066152e-03   1.0000000e+00   2.4387577e-01
  -8.5644158e-03   9.8961607e-02  -2.8648762e-01  -2.4999474e+00  -1.5009172e+00   3.1857589e-03   2.3655520e+02   4.8457462e-03   1.0000000e+00   1.1281949e-01
  -3.9999910e-02   7.3582503e-02  -4.3367690e-01  -2.4999872e+00  -1.6627754e+00   2.0000000e-03   3.1575485e+01   7.0871890e-03   1.0000000e+00   1.0192197e-01
  -3.9994464e-02   4.5588257e-02  -4.7429233e-01  -2.4930315e+00  -1.8188971e+00   2.2871464e-02  -1.8591561e+02   1.8433132e-02   1.0000000e+00   9.6684081e-02
  -7.5813721e-03   9.7698919e-02  -3.1931896e-01  -2.4998612e+00  -1.5010512e+00   3.3414323e-03   2.5861724e+02   4.0362644e-03   1.0000000e+00   9.5484033e-02
  -3.9881603e-02   2.6109848e-02  -4.8207933e-01  -2.4999969e+00  -1.9039095e+00   2.2368469e-02  -1.9484465e+02   1.9364378e-02   1.0000000e+00   9.1545919e-02
  -3.9874998e-02   6.3849727e-02  -4.9412166e-01  -2.4929578e+00  -1.8647414e+00   2.0035170e-02  -1.5390041e+02   1.6359383e-02   1.0000000e+00   8.8865317e-02
  -3.8182692e-02   1.0000000e-01  -3.5842684e-01  -2.4988678e+00  -1.7028023e+00   2.2941088e-02  -4.7654086e+01   9.5248403e-03   1.0000000e+00   8.5888008e-02
  -4.0000000e-02   7.8478904e-02  -3.7475390e-01  -2.4984625e+00  -1.7104648e+00   2.2621930e-02  -1.3107667e+02   1.4207427e-02   1.0000000e+00   7.6487845e-02
  -3.9977916e-02   9.4042959e-02  -3.6492511e-01  -2.4989174e+00  -1.7308276e+00   2.3906189e-02  -8.4369547e+01   1.1365169e-02   1.0000000e+00   7.5651513e-02
  -3.9967082e-02   9.6116386e-02  -3.7490069e-01  -2.4989506e+00  -1.7322079e+00   2.3727555e-02  -7.6602233e+01   1.0763531e-02   1.0000000e+00   7.3733572e-02
  -3.9249167e-02   8.4346457e-02  -3.5544458e-01  -2.4981327e+00  -1.7086168e+00   2.3114159e-02  -1.1081975e+02   1.3328421e-02   1.0000000e+00   7.0981886e-02
  -3.9365536e-02   9.8553218e-02  -4.9644012e-01  -2.4999837e+00  -1.7658485e+00   2.1187819e-03  -2.9978453e+01   9.3723278e-03   1.0000000e+00   6.9061993e-02
  -1.3096530e-02   9.9941182e-02  -2.7892394e-01  -2.4999799e+00  -1.5070139e+00   6.8014430e-03   2.0253178e+02   5.8481981e-03   1.0000000e+00   6.9040874e-02
  -4.0000000e-02   7.3234572e-02  -4.3549327e-01  -2.4999738e+00  -1.6532423e+00   4.0341145e-03   1.8115884e+01   7.7462496e-03   1.0000000e+00   6.6887934e-02
  -3.9557778e-02   6.1281145e-02  -4.6835326e-01  -2.4934222e+00  -1.7945262e+00   2.1782391e-02  -1.6826586e+02   1.6865499e-02   1.0000000e+00   6.5249645e-02
  -9.2399186e-03   9.9995218e-02  -2.9107275e-01  -2.4999100e+00  -1.5000000e+00   2.9924836e-03   2.2921367e+02   5.0203647e-03   1.0000000e+00   6.4379339e-02
  -1.2112112e-02   1.0000000e-01  -2.9546006e-01  -2.4998348e+00  -1.5114819e+00   7.3303629e-03   2.1677424e+02   5.3014200e-03   1.0000000e+00   6.2041898e-02
  -3.9967436e-02   8.7754981e-02  -3.6524502e-01  -2.4997445e+00  -1.6919769e+00   2.3826074e-02  -1.0297869e+02   1.2631124e-02   1.0000000e+00   6.0393012e-02
  -3.9953973e-02   9.2254857e-02  -4.4006089e-01  -2.4978429e+00  -1.7442599e+00   2.5740183e-03  -1.0774120e+01   8.2673913e-03   1.0000000e+00   5.8646898e-02
  -1.2449812e-02   9.9941507e-02  -2.7912656e-01  -2.4999894e+00  -1.5049988e+00   6.8368316e-03   2.1218668e+02   5.5313024e-03   1.0000000e+00   5.8560162e-02
  -3.9951134e-02   9.7980801e-02  -4.4013122e-01  -2.4979289e+00  -1.7541863e+00   2.3987879e-03  -1.4560379e+01   8.4601756e-03   1.0000000e+00   5.8523124e-02
  -6.0000000e-03   9.9162273e-02  -3.0512981e-01  -2.4997895e+00  -1.5005532e+00   3.7934745e-03   2.8638209e+02   3.2191811e-03   1.0000000e+00   5.8202860e-02
  -4.0000000e-02   7.5377851e-02  -3.6266475e-01  -2.4985189e+00  -1.7357350e+00   2.4002018e-02  -1.4506672e+02   1.5450232e-02   1.0000000e+00   5.7293208e-02
  -3.9557110e-02   1.0909071e-02  -4.9641762e-01  -2.4999934e+00  -1.9095972e+00   2.0303058e-02  -2.0308538e+02   2.0179453e-02   1.0000000e+00   5.7061429e-02
  -3.9279399e-02   9.6986234e-02  -3.5740855e-01  -2.4985422e+00  -1.7201979e+00   2.3748989e-02  -6.7459876e+01   1.0522760e-02   1.0000000e+00   5.4260515e-02
  -3.9999805e-02   5.6364106e-02  -4.8473914e-01  -2.4945858e+00  -1.8097671e+00   2.2884849e-02  -1.7436547e+02   1.7481115e-02   1.0000000e+00   5.3443901e-02
  -3.9986923e-02   6.8865802e-02  -4.3521024e-01  -2.4999736e+00  -1.6294168e+00   2.0000000e-03   4.5905380e+01   6.9004542e-03   1.0000000e+00   5.3354434e-02
  -4.0000000e-02   4.9016151e-02  -4.7449041e-01  -2.4927917e+00  -1.8185097e+00   2.1828937e-02  -1.8213826e+02   1.8080396e-02   1.0000000e+00   5.2802899e-02
  -6.9699828e-03   9.7189480e-02  -3.1904494e-01  -2.4998051e+00  -1.5000000e+00   4.0837634e-03   2.7158923e+02   3.6286120e-03   1.0000000e+00   5.2567430e-02
  -4.0000000e-02   9.9999675e-02  -3.6189074e-01  -2.4986607e+00  -1.6798945e+00   2.2243376e-02  -5.9943063e+01   9.9336462e-03   1.0000000e+00   5.2119444e-02
  -4.0000000e-02   8.2951269e-02  -3.6051720e-01  -2.4981982e+00  -1.7156571e+00   2.3605704e-02  -1.2045207e+02   1.3726126e-02   1.0000000e+00   5.1097179e-02
  -3.9952617e-02   9.7706352e-02  -4.4062435e-01  -2.4979160e+00  -1.7527625e+00   3.9274201e-03  -2.2434644e+01   8.9045790e-03   1.0000000e+00   4.7550861e-02
  -4.0000000e-02   1.0000000e-01  -3.5973086e-01  -2.4987167e+00  -1.6804481e+00   2.2899159e-02  -5.8776833e+01   9.8952750e-03   1.0000000e+00   4.7012949e-02
  -6.3719399e-03   9.6630753e-02  -3.1883240e-01  -2.4998537e+00  -1.5000139e+00   4.9281137e-03   2.8354867e+02   3.3053562e-03   1.0000000e+00   4.6389241e-02
  -4.0000000e-02   6.0901525e-02  -4.6831581e-01  -2.4932720e+00  -1.8047286e+00   2.2099924e-02  -1.6976996e+02   1.6968616e-02   1.0000000e+00   4.6370620e-02
  -1.1700038e-02   9.9912166e-02  -3.0250594e-01  -2.5000000e+00  -1.5000000e+00   3.2585384e-03   1.9431696e+02   6.1379066e-03   1.0000000e+00   4.5822738e-02
  -4.0000000e-02   7.6084175e-02  -3.6646071e-01  -2.4987632e+00  -1.7246358e+00   2.3727345e-02  -1.4204978e+02   1.5111470e-02   1.0000000e+00   4.5092705e-02
  -4.0000000e-02   8.9539534e-02  -4.4189191e-01  -2.4980570e+00  -1.7280427e+00   2.0169015e-03  -2.0053184e+00   7.8523234e-03   1.0000000e+00   4.3856261e-02
  -3.9963079e-02   9.0037542e-02  -3.6235631e-01  -2.4998272e+00  -1.6922485e+00   2.3811257e-02  -9.5157934e+01   1.2156976e-02   1.0000000e+00   4.3774114e-02
  -1.3807463e-02   1.0000000e-01  -2.6440075e-01  -2.5000000e+00  -1.5180222e+00   6.2664309e-03   1.8818990e+02   6.5142117e-03   1.0000000e+00   4.2772008e-02
  -3.9999892e-02   7.3268145e-02  -4.3518817e-01  -2.4999751e+00  -1.6565764e+00   4.0315058e-03   1.6852835e+01   7.7662285e-03   1.0000000e+00   4.2111360e-02
  -3.9999583e-02   9.0147240e-02  -4.4071127e-01  -2.4979760e+00  -1.7242548e+00   2.0231379e-03  -9.2211063e-01   7.8291807e-03   1.0000000e+00   4.1933879e-02
  -3.9966564e-02   8.8248464e-02  -3.6521276e-01  -2.4997427e+00  -1.6905240e+00   2.4130707e-02  -1.0144748e+02   1.2577019e-02   1.0000000e+00   4.1862971e-02
  -3.9881278e-02   2.0994131e-02  -4.7731397e-01  -2.4999873e+00  -1.9016807e+00   2.2360552e-02  -1.9822980e+02   1.9638893e-02   1.0000000e+00   4.1704712e-02
  -4.0000000e-02   1.9023838e-02  -4.7513879e-01  -2.4999873e+00  -1.8908531e+00   2.2125084e-02  -2.0219185e+02   1.9852394e-02   1.0000000e+00   3.9731927e-02
  -1.3681105e-02   9.9478259e-02  -2.6568773e-01  -2.5000000e+00  -1.5219528e+00   5.7114639e-03   1.8293732e+02   6.7442896e-03   1.0000000e+00   3.8344887e-02
