  -4.0000000e-02   2.9895738e-02  -3.3031171e-01  -2.4999867e+00  -1.6620117e+00   2.6142213e-02  -2.0350482e+02   2.0967197e-02   1.0000000e+00             Inf
  -6.0000000e-03   9.9787871e-02  -4.6317910e-01  -2.4997837e+00  -1.5025326e+00   4.9492135e-03   2.9333063e+02   3.2121209e-03   1.0000000e+00             Inf
  -3.9833710e-02   9.1064233e-02  -4.3152978e-01  -2.4940867e+00  -1.8474572e+00   1.8201150e-02  -8.5974280e+01   1.1478760e-02   1.0000000e+00   1.5042318e-01
  -4.0000000e-02   8.6461514e-02  -4.9966001e-01  -2.4823358e+00  -1.7558197e+00   2.1100640e-02  -1.1095566e+02   1.2535599e-02   1.0000000e+00   1.4143523e-01
  -3.9995320e-02   3.9625276e-02  -4.2048606e-01  -2.4999296e+00  -1.9004867e+00   2.2808083e-02  -1.6289290e+02   1.7955893e-02   1.0000000e+00   1.4061368e-01
  -4.0000000e-02   8.1499019e-02  -4.7325992e-01  -2.4727930e+00  -1.7514981e+00   2.4173055e-02  -1.3298089e+02   1.4302775e-02   1.0000000e+00   1.2234767e-01
  -3.9997024e-02   7.0163183e-02  -4.7864980e-01  -2.4735573e+00  -1.7428317e+00   2.5493534e-02  -1.5924441e+02   1.6463010e-02   1.0000000e+00   1.0284158e-01
  -3.9999802e-02   4.5981082e-02  -4.3227141e-01  -2.3994355e+00  -1.7015369e+00   2.5357756e-02  -1.8038020e+02   1.8926128e-02   1.0000000e+00   1.0144863e-01
  -4.0000000e-02   6.1025517e-02  -4.6172029e-01  -2.4998475e+00  -1.5412575e+00   2.0000000e-03   6.6948710e+01   6.9790919e-03   1.0000000e+00   1.0110593e-01
  -7.6658999e-03   9.3757095e-02  -4.7743519e-01  -2.4973979e+00  -1.5000000e+00   5.8130861e-03   2.5903105e+02   4.2634486e-03   1.0000000e+00   9.9007049e-02
  -1.4730088e-02   9.9687165e-02  -5.0000000e-01  -2.4961635e+00  -1.5240404e+00   1.5458344e-02   1.2258836e+02   6.4717028e-03   1.0000000e+00   9.6831606e-02
  -3.9999844e-02   5.7736515e-02  -4.5937454e-01  -2.3389347e+00  -1.6438800e+00   2.2497790e-03   2.7396315e+01   8.0868562e-03   1.0000000e+00   9.3570917e-02
  -4.0000000e-02   4.0523587e-02  -3.3013989e-01  -2.4831583e+00  -1.6448082e+00   2.4911859e-02  -1.9023754e+02   1.9824275e-02   1.0000000e+00   9.0508391e-02
  -6.4949334e-03   9.7532136e-02  -4.8489822e-01  -2.4896476e+00  -1.5006532e+00   7.9614844e-03   2.7525260e+02   3.7616301e-03   1.0000000e+00   9.0184479e-02
  -4.0000000e-02   6.6380710e-02  -4.6717412e-01  -2.4989775e+00  -1.5801568e+00   2.0000000e-03   5.4011005e+01   7.0911574e-03   1.0000000e+00   8.4671597e-02
  -4.0000000e-02   5.5475425e-02  -4.9771417e-01  -2.4530159e+00  -1.5998464e+00   3.5999910e-03   3.4469377e+01   7.8087046e-03   1.0000000e+00   8.3230728e-02
  -1.0278433e-02   1.0000000e-01  -4.8756577e-01  -2.4991761e+00  -1.5042675e+00   1.6013390e-02   1.8186998e+02   5.2274675e-03   1.0000000e+00   8.2503516e-02
  -3.9837936e-02   9.8888980e-02  -4.3029507e-01  -2.4968758e+00  -1.8436916e+00   1.8493046e-02  -6.5692706e+01   9.9398807e-03   1.0000000e+00   8.1903177e-02
  -8.5869563e-03   9.9794474e-02  -4.8136637e-01  -2.4998011e+00  -1.5002009e+00   1.6157585e-02   2.0803299e+02   4.7937587e-03   1.0000000e+00   7.9795512e-02
  -3.7144378e-02   9.9999664e-02  -4.2987533e-01  -2.4994184e+00  -1.9207390e+00   1.7845234e-02  -1.7151916e+01   8.3363596e-03   1.0000000e+00   7.7589753e-02
  -8.5580760e-03   1.0000000e-01  -4.7798283e-01  -2.5000000e+00  -1.5067479e+00   1.6690738e-02   2.0048802e+02   4.9917920e-03   1.0000000e+00   7.7086619e-02
  -1.6434808e-02   9.8177983e-02  -4.9893269e-01  -2.4984991e+00  -1.5000000e+00   1.5720501e-02   1.0342811e+02   6.9745427e-03   1.0000000e+00   7.5226510e-02
  -6.9875455e-03   1.0000000e-01  -4.8198761e-01  -2.4995163e+00  -1.5052109e+00   1.6231751e-02   2.2860366e+02   4.5797664e-03   1.0000000e+00   7.0829859e-02
  -1.0650226e-02   1.0000000e-01  -5.0000000e-01  -2.4958097e+00  -1.5000000e+00   1.6098696e-02   1.7201999e+02   5.4393052e-03   1.0000000e+00   6.8859066e-02
  -4.0000000e-02   7.7467847e-02  -5.0000000e-01  -2.4429122e+00  -1.7098574e+00   2.0169556e-03  -5.0177949e+00   8.1208113e-03   1.0000000e+00   6.8806946e-02
  -4.0000000e-02   9.5583880e-02  -4.3023717e-01  -2.4942107e+00  -1.8413096e+00   1.6974196e-02  -8.0068419e+01   1.0968621e-02   1.0000000e+00   6.7640937e-02
  -3.8890012e-02   1.0000000e-01  -4.1785290e-01  -2.4977160e+00  -1.8499522e+00   1.9981743e-02  -4.8076479e+01   9.1407913e-03   1.0000000e+00   6.7083560e-02
  -4.0000000e-02   7.7367385e-02  -4.7290218e-01  -2.4723512e+00  -1.7508927e+00   2.4027777e-02  -1.4406707e+02   1.5013647e-02   1.0000000e+00   6.5525399e-02
  -3.5934877e-02   1.0000000e-01  -4.2988009e-01  -2.4994107e+00  -1.8805977e+00   1.7891975e-02  -2.8134735e+01   8.7527196e-03   1.0000000e+00   6.5460825e-02
  -1.6262108e-02   9.8325212e-02  -4.9963771e-01  -2.4955620e+00  -1.5020119e+00   1.5768890e-02   1.0426154e+02   6.9529704e-03   1.0000000e+00   6.5338699e-02
  -4.0000000e-02   8.2857177e-02  -4.7690960e-01  -2.4736229e+00  -1.7429803e+00   2.3093384e-02  -1.2463397e+02   1.3535823e-02   1.0000000e+00   6.3649312e-02
  -3.9843377e-02   9.9999648e-02  -4.3295829e-01  -2.4994844e+00  -1.9163759e+00   1.8032780e-02  -3.4958878e+01   8.8622661e-03   1.0000000e+00   6.1994467e-02
  -3.9951641e-02   3.7623938e-02  -3.2490012e-01  -2.4831678e+00  -1.6511798e+00   2.5312185e-02  -1.9495772e+02   2.0312293e-02   1.0000000e+00   6.1776113e-02
  -6.5825082e-03   1.0000000e-01  -4.8204556e-01  -2.4995063e+00  -1.5000000e+00   1.5769867e-02   2.4108707e+02   4.2985573e-03   1.0000000e+00   6.1683979e-02
  -3.8565948e-02   9.5604473e-02  -4.3066623e-01  -2.4942219e+00  -1.8359439e+00   1.8206631e-02  -7.1109079e+01   1.0577368e-02   1.0000000e+00   5.7375276e-02
  -4.0000000e-02   3.1814590e-02  -3.3628524e-01  -2.5000000e+00  -1.6577917e+00   2.6083079e-02  -2.0348938e+02   2.0804114e-02   1.0000000e+00   5.4088490e-02
  -1.4502657e-02   1.0000000e-01  -5.0000000e-01  -2.4955999e+00  -1.5019687e+00   1.5406159e-02   1.3073750e+02   6.1798713e-03   1.0000000e+00   5.3644430e-02
  -1.1234792e-02   1.0000000e-01  -4.9539483e-01  -2.4966061e+00  -1.5000000e+00   1.6569572e-02   1.5954795e+02   5.6523577e-03   1.0000000e+00   5.2444106e-02
  -3.9411851e-02   5.0512092e-02  -4.3140894e-01  -2.3968705e+00  -1.7198753e+00   2.5327027e-02  -1.7171250e+02   1.8514053e-02   1.0000000e+00   5.1961317e-02
  -1.3533994e-02   1.0000000e-01  -5.0000000e-01  -2.4954202e+00  -1.5000000e+00   1.5370830e-02   1.4358409e+02   5.8958244e-03   1.0000000e+00   5.1551044e-02
  -3.9997546e-02   7.4250401e-02  -4.7503043e-01  -2.4729826e+00  -1.7481445e+00   2.4338049e-02  -1.5178046e+02   1.5614205e-02   1.0000000e+00   5.0813691e-02
  -1.1437034e-02   9.7913629e-02  -4.9351036e-01  -2.4966183e+00  -1.5000000e+00   1.6546336e-02   1.5662315e+02   5.8202277e-03   1.0000000e+00   4.5843594e-02
  -3.9997499e-02   7.4702891e-02  -4.7427606e-01  -2.4737151e+00  -1.7397405e+00   2.4387918e-02  -1.5013034e+02   1.5475111e-02   1.0000000e+00   4.4947883e-02
  -3.9193016e-02   9.9249617e-02  -4.1867482e-01  -2.4978504e+00  -1.8492432e+00   1.9911690e-02  -5.3155348e+01   9.4030647e-03   1.0000000e+00   4.3659728e-02
  -4.0000000e-02   7.1938435e-02  -4.7872224e-01  -2.4708608e+00  -1.7478866e+00   2.5155015e-02  -1.5586887e+02   1.6172238e-02   1.0000000e+00   4.2760705e-02
  -1.3983538e-02   9.9416994e-02  -4.9996148e-01  -2.4969314e+00  -1.5000000e+00   1.5384656e-02   1.3749938e+02   6.0521070e-03   1.0000000e+00   4.1854902e-02
  -6.5884631e-03   1.0000000e-01  -4.8644881e-01  -2.4995166e+00  -1.5000000e+00   1.6194599e-02   2.3422713e+02   4.4722513e-03   1.0000000e+00   4.0964089e-02
  -4.0000000e-02   8.6012903e-02  -4.7390880e-01  -2.4785093e+00  -1.7470903e+00   2.2810125e-02  -1.1617203e+02   1.2910797e-02   1.0000000e+00   4.0432071e-02
  -4.0000000e-02   8.3708420e-02  -4.7500115e-01  -2.4784482e+00  -1.7493979e+00   2.2863105e-02  -1.2304662e+02   1.3355317e-02   1.0000000e+00   3.9780434e-02
  -4.0000000e-02   8.5688813e-02  -4.7390579e-01  -2.4783122e+00  -1.7470812e+00   2.2989578e-02  -1.1751218e+02   1.3019167e-02   1.0000000e+00   3.8872992e-02
