  -6.0000000e-03   1.0000000e-01  -4.2175155e-01  -2.3833150e+00  -1.5000000e+00   5.6516760e-03   3.1442398e+02   2.7207322e-03   1.0000000e+00             Inf
  -3.9998671e-02   3.0000000e-03  -4.4481946e-01  -2.5000000e+00  -1.8546820e+00   2.1953898e-02  -2.0589132e+02   2.0549745e-02   1.0000000e+00             Inf
  -4.0000000e-02   5.6275987e-02  -4.1734219e-01  -2.5000000e+00  -1.5497817e+00   2.0000000e-03   6.8779348e+01   6.7701780e-03   1.0000000e+00   1.7825227e-01
  -3.9848323e-02   7.9958181e-02  -4.4041951e-01  -2.5000000e+00  -1.6839089e+00   2.0778203e-02  -1.1165725e+02   1.2878156e-02   1.0000000e+00   1.7161143e-01
  -1.6507530e-02   1.0000000e-01  -4.2459790e-01  -2.4038648e+00  -1.5034920e+00   1.2700011e-02   1.3926648e+02   6.6184613e-03   1.0000000e+00   1.6649985e-01
  -3.9657054e-02   8.9337116e-02  -4.1039971e-01  -2.5000000e+00  -1.6779349e+00   2.0000000e-03   1.7277072e+01   7.4113462e-03   1.0000000e+00   1.4777248e-01
  -4.0000000e-02   9.3429055e-02  -4.1638263e-01  -2.4889193e+00  -1.7668298e+00   2.1247333e-02  -8.8636532e+01   1.1170022e-02   1.0000000e+00   1.4144495e-01
  -4.0000000e-02   5.5884601e-02  -4.1787388e-01  -2.4996245e+00  -1.5773179e+00   2.5207364e-03   5.8086838e+01   7.0148389e-03   1.0000000e+00   1.3494489e-01
  -1.2740246e-02   9.7666675e-02  -4.2207067e-01  -2.4034143e+00  -1.5028213e+00   1.2865941e-02   1.9267111e+02   5.4006449e-03   1.0000000e+00   1.2816268e-01
  -1.5146093e-02   9.9778853e-02  -4.2393886e-01  -2.3995540e+00  -1.5000000e+00   1.2718300e-02   1.6014594e+02   6.0691089e-03   1.0000000e+00   1.0667589e-01
  -1.0728614e-02   9.9412341e-02  -4.2240035e-01  -2.4149569e+00  -1.5041200e+00   1.1703672e-02   2.3067777e+02   4.4698597e-03   1.0000000e+00   9.1812299e-02
  -3.8634483e-02   9.7627049e-02  -4.1834557e-01  -2.4593642e+00  -1.7604359e+00   2.4002225e-02  -6.4008223e+01   1.0432283e-02   1.0000000e+00   8.0969503e-02
  -3.9549832e-02   8.6316294e-02  -4.1354886e-01  -2.4938735e+00  -1.7199693e+00   2.0919841e-03   3.5933029e+00   7.7822125e-03   1.0000000e+00   7.6811421e-02
  -4.0000000e-02   7.9027359e-02  -4.3396452e-01  -2.4064262e+00  -1.7494668e+00   2.5253986e-03  -1.4355352e+01   8.8074741e-03   1.0000000e+00   7.4811044e-02
  -3.9158783e-02   9.4559235e-02  -4.1657924e-01  -2.4907269e+00  -1.7788776e+00   2.0728611e-02  -7.9450932e+01   1.0794098e-02   1.0000000e+00   7.4226330e-02
  -4.0000000e-02   6.8518722e-02  -4.4370857e-01  -2.5000000e+00  -1.6551600e+00   2.1260102e-02  -1.2549371e+02   1.4120103e-02   1.0000000e+00   7.1448640e-02
  -1.3066431e-02   9.9098478e-02  -4.2341157e-01  -2.4189506e+00  -1.5000000e+00   1.1331077e-02   2.0011057e+02   5.1535145e-03   1.0000000e+00   6.9465131e-02
  -4.0000000e-02   5.0514155e-02  -3.9386070e-01  -2.5000000e+00  -1.7295484e+00   2.2606536e-02  -1.9182192e+02   1.8335340e-02   1.0000000e+00   6.9287965e-02
  -4.0000000e-02   7.0997419e-02  -4.4182147e-01  -2.4904219e+00  -1.6824135e+00   2.1781757e-02  -1.3595929e+02   1.4418286e-02   1.0000000e+00   6.6866776e-02
  -3.9999998e-02   6.8421354e-02  -4.0084445e-01  -2.4877916e+00  -1.7239382e+00   2.3080171e-02  -1.6098277e+02   1.6029047e-02   1.0000000e+00   6.6817467e-02
  -3.9995968e-02   7.1574649e-02  -3.9287064e-01  -2.4919667e+00  -1.7268331e+00   2.0275627e-02  -1.4123174e+02   1.4772996e-02   1.0000000e+00   6.5182395e-02
  -1.6052984e-02   9.9545954e-02  -4.2345869e-01  -2.4034024e+00  -1.5083929e+00   1.2469945e-02   1.4679395e+02   6.4748819e-03   1.0000000e+00   6.4268399e-02
  -7.0150205e-03   1.0000000e-01  -4.2129561e-01  -2.3818788e+00  -1.5000000e+00   5.4977549e-03   3.0144115e+02   3.0790774e-03   1.0000000e+00   6.3925515e-02
  -8.5649172e-03   9.9964980e-02  -4.2742840e-01  -2.4089006e+00  -1.5003984e+00   1.3217506e-02   2.5089013e+02   4.0601398e-03   1.0000000e+00   6.3867596e-02
  -4.0000000e-02   8.0629527e-02  -4.3518864e-01  -2.4077755e+00  -1.7444880e+00   2.0000000e-03  -8.7987270e+00   8.4593374e-03   1.0000000e+00   6.2289817e-02
  -3.9568801e-02   8.6137235e-02  -4.1351121e-01  -2.4924924e+00  -1.7253965e+00   2.7473954e-03  -2.6637531e+00   8.0975300e-03   1.0000000e+00   6.1795211e-02
  -3.9460688e-02   4.1085174e-02  -3.9957234e-01  -2.4996589e+00  -1.7097717e+00   2.4947971e-02  -2.0084588e+02   1.9573935e-02   1.0000000e+00   5.8574300e-02
  -3.9735333e-02   6.9118454e-02  -4.0537918e-01  -2.5000000e+00  -1.7307389e+00   2.5015474e-02  -1.6809848e+02   1.6744767e-02   1.0000000e+00   5.6415653e-02
  -4.0000000e-02   7.2755712e-02  -4.4370272e-01  -2.5000000e+00  -1.6630081e+00   2.1274492e-02  -1.2067303e+02   1.3668223e-02   1.0000000e+00   5.4252909e-02
  -4.0000000e-02   5.5239375e-02  -3.9730497e-01  -2.4979304e+00  -1.7275033e+00   2.1840229e-02  -1.8080096e+02   1.7464745e-02   1.0000000e+00   5.2972331e-02
  -1.1721798e-02   9.9526172e-02  -4.2274702e-01  -2.4152084e+00  -1.5000000e+00   1.1063382e-02   2.2089487e+02   4.6692510e-03   1.0000000e+00   4.8601970e-02
  -1.2148785e-02   9.9639126e-02  -4.2275024e-01  -2.4156094e+00  -1.5000000e+00   1.1655263e-02   2.1209695e+02   4.8277920e-03   1.0000000e+00   4.8490548e-02
  -1.5122339e-02   9.9808645e-02  -4.2416049e-01  -2.3936279e+00  -1.5000000e+00   1.2930445e-02   1.5812455e+02   6.1188057e-03   1.0000000e+00   4.8420467e-02
  -4.0000000e-02   9.3248711e-03  -4.4302051e-01  -2.5000000e+00  -1.8739694e+00   2.2800959e-02  -2.0253208e+02   2.0218309e-02   1.0000000e+00   4.8146503e-02
  -4.0000000e-02   4.7574237e-02  -3.9840946e-01  -2.5000000e+00  -1.7405196e+00   2.4267206e-02  -1.9622802e+02   1.8924256e-02   1.0000000e+00   4.6306772e-02
  -7.6159678e-03   9.8440658e-02  -4.2259573e-01  -2.3804847e+00  -1.5000000e+00   5.8314183e-03   2.9007448e+02   3.4141683e-03   1.0000000e+00   4.6281553e-02
  -4.0000000e-02   1.0000000e-01  -4.4564327e-01  -2.5000000e+00  -1.5380942e+00   2.9860990e-02  -1.9907122e+01   9.4125066e-03   1.0000000e+00   4.6280958e-02
  -8.6688361e-03   9.9158637e-02  -4.3123880e-01  -2.3660856e+00  -1.5000000e+00   9.0833967e-03   2.6640596e+02   4.0035760e-03   1.0000000e+00   4.5555889e-02
  -4.0000000e-02   5.1415343e-02  -3.9555023e-01  -2.4957504e+00  -1.7397957e+00   2.1370474e-02  -1.8456344e+02   1.7888739e-02   1.0000000e+00   4.2223036e-02
  -3.9816368e-02   4.3995373e-02  -3.9711375e-01  -2.5000000e+00  -1.7267558e+00   2.4397253e-02  -1.9979912e+02   1.9267634e-02   1.0000000e+00   4.0507224e-02
  -7.8608961e-03   9.9169022e-02  -4.3147406e-01  -2.3732432e+00  -1.5000000e+00   9.0821588e-03   2.7792611e+02   3.7110384e-03   1.0000000e+00   4.0092919e-02
  -3.9874371e-02   9.9952200e-02  -4.4761977e-01  -2.4284782e+00  -1.9064420e+00   1.6839781e-02  -3.8380415e+01   9.4454865e-03   1.0000000e+00   3.9002679e-02
  -4.0000000e-02   5.0166086e-02  -3.9548360e-01  -2.4955901e+00  -1.7390858e+00   2.1380337e-02  -1.8624945e+02   1.8030844e-02   1.0000000e+00   3.8999231e-02
  -7.2446639e-03   9.9858649e-02  -4.2736924e-01  -2.4097413e+00  -1.5000000e+00   1.3442493e-02   2.6857587e+02   3.7614554e-03   1.0000000e+00   3.8548655e-02
  -3.9862929e-02   6.8845086e-02  -3.9952872e-01  -2.4981923e+00  -1.7097530e+00   2.1104607e-02  -1.4793927e+02   1.5169921e-02   1.0000000e+00   3.7816321e-02
  -4.0000000e-02   1.0000000e-01  -4.4510259e-01  -2.5000000e+00  -1.5376720e+00   2.9479264e-02  -2.0563919e+01   9.4198765e-03   1.0000000e+00   3.7353823e-02
  -6.0000000e-03   9.8408585e-02  -4.2268514e-01  -2.3822813e+00  -1.5093027e+00   5.4096990e-03   3.1048033e+02   2.9736621e-03   1.0000000e+00   3.6597495e-02
  -3.9949361e-02   9.9957429e-02  -4.4684386e-01  -2.4293487e+00  -1.9056871e+00   1.6844297e-02  -3.9288570e+01   9.4736409e-03   1.0000000e+00   3.5850103e-02
  -4.0000000e-02   7.0753854e-02  -4.0352890e-01  -2.4877597e+00  -1.7311351e+00   2.2230254e-02  -1.5277277e+02   1.5410000e-02   1.0000000e+00   3.5789554e-02
  -3.9229572e-02   9.3299378e-02  -4.1675161e-01  -2.5000000e+00  -1.7813957e+00   2.0506169e-02  -8.4633331e+01   1.1048929e-02   1.0000000e+00   3.5397580e-02
