  -6.0000000e-03   9.9806734e-02  -4.7625806e-01  -2.2502302e+00  -1.5000000e+00   2.5376284e-03   3.2929442e+02   3.5062198e-03   1.0000000e+00             Inf
  -4.0000000e-02   3.4804754e-03  -4.9550394e-01  -2.3814190e+00  -1.9098440e+00   1.7279114e-02  -1.9065926e+02   2.0275636e-02   1.0000000e+00             Inf
  -1.3113178e-02   9.9907613e-02  -4.8958425e-01  -2.2033443e+00  -1.5000000e+00   1.2869622e-02   1.4631506e+02   7.2285041e-03   1.0000000e+00   2.4280946e-01
  -4.0000000e-02   8.3094709e-02  -3.9442609e-01  -2.5000000e+00  -1.6338297e+00   2.0009465e-03   2.9977080e+01   7.2435852e-03   1.0000000e+00   2.3284496e-01
  -3.9146411e-02   7.5812219e-02  -3.8923593e-01  -2.4915846e+00  -1.7195198e+00   2.2494598e-02  -1.3672350e+02   1.4583677e-02   1.0000000e+00   1.1810551e-01
  -4.0000000e-02   1.3619984e-02  -4.9630391e-01  -2.3571819e+00  -1.9368530e+00   1.6533136e-02  -1.8397866e+02   1.9923825e-02   1.0000000e+00   1.0941863e-01
  -3.9951070e-02   9.1962672e-02  -3.9036477e-01  -2.5000000e+00  -1.6880691e+00   2.0000000e-03   9.6616398e+00   7.5819382e-03   1.0000000e+00   1.0594146e-01
  -3.9567209e-02   6.9903749e-02  -3.8402455e-01  -2.4848394e+00  -1.7243188e+00   2.1914151e-02  -1.4867988e+02   1.5363313e-02   1.0000000e+00   9.0322513e-02
  -8.0419428e-03   1.0000000e-01  -5.0000000e-01  -2.2345136e+00  -1.5036205e+00   7.6266418e-03   2.7134079e+02   5.0484306e-03   1.0000000e+00   9.0290928e-02
  -4.0000000e-02   8.0052097e-02  -3.9126407e-01  -2.4618579e+00  -1.7593987e+00   2.2508148e-02  -1.2752355e+02   1.4065081e-02   1.0000000e+00   8.9534025e-02
  -4.0000000e-02   3.5791308e-02  -4.1836660e-01  -2.4255622e+00  -1.7527798e+00   1.9611006e-02  -1.8366230e+02   1.8666414e-02   1.0000000e+00   8.8521380e-02
  -7.2617982e-03   9.9681360e-02  -4.8915801e-01  -2.2374782e+00  -1.5000008e+00   1.2361892e-02   2.3746332e+02   5.6097778e-03   1.0000000e+00   8.5063569e-02
  -7.9079485e-03   9.9964704e-02  -4.8691379e-01  -2.2535001e+00  -1.5000000e+00   2.7079770e-03   3.0529070e+02   4.3225418e-03   1.0000000e+00   8.3262279e-02
  -3.9295184e-02   8.9021762e-02  -4.1189924e-01  -2.4969070e+00  -1.7528181e+00   2.1353209e-02  -1.0123827e+02   1.2082223e-02   1.0000000e+00   7.8431059e-02
  -3.6674944e-02   1.0000000e-01  -4.0440062e-01  -2.4782269e+00  -1.7538585e+00   2.1267049e-02  -4.6347332e+01   9.4353287e-03   1.0000000e+00   7.6910443e-02
  -4.0000000e-02   5.2545506e-02  -4.0972810e-01  -2.4238068e+00  -1.7383098e+00   1.9848833e-02  -1.6855153e+02   1.7070876e-02   1.0000000e+00   7.5274489e-02
  -6.0386957e-03   9.9514052e-02  -4.9083307e-01  -2.2470528e+00  -1.5000000e+00   1.2968069e-02   2.4686428e+02   5.4657469e-03   1.0000000e+00   7.3572906e-02
  -9.5006709e-03   9.7435473e-02  -4.5536329e-01  -2.1874821e+00  -1.5077115e+00   6.1738755e-03   2.6647673e+02   5.3117365e-03   1.0000000e+00   7.1959968e-02
  -4.0000000e-02   1.0000000e-01  -4.1903032e-01  -2.5000000e+00  -1.7892063e+00   2.2812096e-02  -6.3198483e+01   9.6818687e-03   1.0000000e+00   7.0812616e-02
  -1.0274627e-02   9.8312354e-02  -4.9955944e-01  -2.2176987e+00  -1.5000000e+00   1.1913688e-02   1.9017492e+02   6.6516962e-03   1.0000000e+00   6.9807748e-02
  -3.9965239e-02   8.7217451e-02  -4.1341808e-01  -2.4910321e+00  -1.7695626e+00   2.3066055e-02  -1.1187655e+02   1.2785715e-02   1.0000000e+00   6.8098386e-02
  -6.5978945e-03   1.0000000e-01  -4.9747772e-01  -2.2211071e+00  -1.5003513e+00   7.6095033e-03   2.9092615e+02   4.5861469e-03   1.0000000e+00   6.7583107e-02
  -7.0786949e-03   9.9771307e-02  -4.8628829e-01  -2.2575744e+00  -1.5000000e+00   2.2403289e-03   3.1685035e+02   3.9866047e-03   1.0000000e+00   6.7328341e-02
  -3.9972436e-02   8.3561717e-02  -4.1472223e-01  -2.4929906e+00  -1.7670937e+00   2.2939469e-02  -1.2391708e+02   1.3495273e-02   1.0000000e+00   6.6918443e-02
  -8.8610279e-03   9.9950605e-02  -4.9225057e-01  -2.2211494e+00  -1.5000000e+00   1.1667079e-02   2.1941200e+02   6.0068292e-03   1.0000000e+00   6.3735238e-02
  -4.0000000e-02   5.2003488e-02  -4.1648128e-01  -2.4090199e+00  -1.7699546e+00   2.0913018e-02  -1.7059015e+02   1.7563563e-02   1.0000000e+00   6.1047441e-02
  -4.0000000e-02   6.2714366e-02  -3.9399641e-01  -2.4832380e+00  -1.7186310e+00   2.2314072e-02  -1.6710549e+02   1.6413640e-02   1.0000000e+00   6.0098531e-02
  -1.2311125e-02   9.9995812e-02  -4.7154644e-01  -2.2182665e+00  -1.5000000e+00   1.2991942e-02   1.6555500e+02   6.6594224e-03   1.0000000e+00   5.9395818e-02
  -4.0000000e-02   8.5460785e-02  -3.9494678e-01  -2.5000000e+00  -1.6364693e+00   2.0000000e-03   2.7224045e+01   7.2922845e-03   1.0000000e+00   5.9248423e-02
  -3.9435776e-02   9.2091185e-02  -3.9652957e-01  -2.4989670e+00  -1.6942100e+00   3.3593492e-03  -1.7295333e+00   8.1350573e-03   1.0000000e+00   5.8901376e-02
  -3.9998138e-02   9.9518714e-02  -3.6394679e-01  -2.4096718e+00  -1.8923574e+00   1.8680886e-02  -3.3191444e+01   9.3599050e-03   1.0000000e+00   5.2737105e-02
  -6.5301289e-03   9.9658743e-02  -4.8667284e-01  -2.2574743e+00  -1.5000000e+00   2.0000000e-03   3.2379612e+02   3.7903171e-03   1.0000000e+00   5.2579514e-02
  -3.8864348e-02   9.5461501e-02  -3.9946492e-01  -2.4878274e+00  -1.7431383e+00   2.1731231e-02  -7.6395022e+01   1.0768874e-02   1.0000000e+00   5.2390530e-02
  -4.0000000e-02   9.4122574e-02  -4.9766546e-01  -2.4876057e+00  -1.7599214e+00   2.1891502e-02  -9.6000516e+01   1.1601178e-02   1.0000000e+00   5.2160792e-02
  -4.0000000e-02   9.6673153e-02  -4.9806217e-01  -2.4856563e+00  -1.7647346e+00   2.2059425e-02  -8.8562411e+01   1.1215456e-02   1.0000000e+00   5.2098266e-02
  -4.0000000e-02   8.8225300e-02  -3.9740703e-01  -2.5000000e+00  -1.7461538e+00   2.0000000e-03  -1.1057895e+01   8.3643663e-03   1.0000000e+00   4.7019106e-02
  -3.9324054e-02   6.8448651e-02  -3.9612117e-01  -2.4733543e+00  -1.7266033e+00   2.2495151e-02  -1.5451648e+02   1.5792805e-02   1.0000000e+00   4.4016727e-02
  -3.9952344e-02   9.9228056e-02  -4.0903642e-01  -2.4965801e+00  -1.7764989e+00   2.0492976e-02  -6.9178798e+01   9.9902324e-03   1.0000000e+00   4.3721541e-02
  -6.5782807e-03   1.0000000e-01  -4.9743900e-01  -2.2209442e+00  -1.5003597e+00   7.5522390e-03   2.9164116e+02   4.5698240e-03   1.0000000e+00   4.3345990e-02
  -3.9334542e-02   6.6782544e-02  -3.9675659e-01  -2.4737595e+00  -1.7243295e+00   2.2755135e-02  -1.5918889e+02   1.6111920e-02   1.0000000e+00   4.3108752e-02
  -3.8761010e-02   9.9723220e-02  -3.7721913e-01  -2.4076848e+00  -1.8999721e+00   1.9378590e-02  -1.9468592e+01   8.7995432e-03   1.0000000e+00   4.2444494e-02
  -3.8100862e-02   9.9719032e-02  -3.6339916e-01  -2.4121202e+00  -1.8957199e+00   1.9570115e-02  -1.6799987e+01   8.7653355e-03   1.0000000e+00   4.2126490e-02
  -4.0000000e-02   4.6884283e-02  -4.1098856e-01  -2.4266668e+00  -1.7748347e+00   2.0436060e-02  -1.7409218e+02   1.7915910e-02   1.0000000e+00   4.1560584e-02
  -9.9945275e-03   9.9271002e-02  -4.9800814e-01  -2.2290616e+00  -1.5000000e+00   1.2155077e-02   1.9442173e+02   6.4197898e-03   1.0000000e+00   4.0304370e-02
  -3.7898100e-02   9.5296176e-02  -3.9989515e-01  -2.4870911e+00  -1.7480880e+00   2.2359362e-02  -6.9320142e+01   1.0615086e-02   1.0000000e+00   3.8778899e-02
  -3.9401451e-02   8.9936951e-02  -4.0942141e-01  -2.4911442e+00  -1.7583335e+00   2.1186292e-02  -9.7988890e+01   1.1918373e-02   1.0000000e+00   3.8759355e-02
  -3.9963716e-02   9.9935664e-02  -3.6540061e-01  -2.4098119e+00  -1.8874264e+00   1.9786883e-02  -2.9088916e+01   9.0807655e-03   1.0000000e+00   3.6870777e-02
  -3.9856710e-02   6.8323328e-02  -3.9651609e-01  -2.4688751e+00  -1.7218934e+00   2.1853043e-02  -1.5322598e+02   1.5566099e-02   1.0000000e+00   3.6836829e-02
  -3.9965482e-02   8.6986676e-02  -4.1369601e-01  -2.4910778e+00  -1.7673605e+00   2.3082364e-02  -1.1305737e+02   1.2843007e-02   1.0000000e+00   3.6568459e-02
  -1.2253311e-02   1.0000000e-01  -4.8435446e-01  -2.2110549e+00  -1.5043537e+00   1.2716330e-02   1.6149977e+02   6.9010149e-03   1.0000000e+00   3.6234407e-02
