   9.1312368e-02   1.1999917e-01   3.0000000e-01   1.3914371e+00   2.4656968e+01  -5.3279001e-01  -4.3356961e+00  -1.0000000e+00   1.0000000e+00             Inf
   8.9956310e-02   1.1999998e-01   3.0000557e-01   1.3693473e+00   2.4636236e+01  -5.3684580e-01  -4.2657787e+00  -1.0000000e+00   1.0000000e+00             Inf
   6.7419238e-02   1.1999399e-01   3.0000000e-01   1.0127600e+00   2.4211446e+01  -5.9212834e-01  -3.1408490e+00  -1.0000000e+00   1.0000000e+00             Inf
   5.2196438e-02   1.1999955e-01   3.9637006e-01   8.2070335e-01   2.4307992e+01  -6.0309975e-01  -2.5378048e+00  -1.0000000e+00   1.0000000e+00             Inf
   8.9689585e-02   1.1999842e-01   3.0000000e-01   1.4792831e+00   2.4637177e+01  -5.1653100e-01  -4.6105876e+00  -1.0000000e+00   1.0000000e+00             Inf
   6.7782356e-02   1.1999406e-01   3.0000286e-01   1.0144485e+00   2.4224916e+01  -5.9199676e-01  -3.1462065e+00  -1.0000000e+00   1.0000000e+00             Inf
   8.6570073e-02   1.1999988e-01   3.0416251e-01   1.2821172e+00   2.4642082e+01  -5.5221443e-01  -3.9905581e+00  -1.0000000e+00   1.0000000e+00             Inf
   8.7912287e-02   1.1999990e-01   3.0046429e-01   1.3418792e+00   2.4615945e+01  -5.4185007e-01  -4.1786902e+00  -1.0000000e+00   1.0000000e+00             Inf
   8.3621918e-02   1.2000000e-01   3.0000000e-01   6.9906305e-01   2.4572232e+01  -6.2740171e-01  -2.1642499e+00  -1.0000000e+00   1.0000000e+00             Inf
   9.0041020e-02   1.1999998e-01   3.0000232e-01   1.3687254e+00   2.4636213e+01  -5.3694505e-01  -4.2638623e+00  -1.0000000e+00   1.0000000e+00             Inf
   9.0160912e-02   1.2000000e-01   3.0000000e-01   1.3733140e+00   2.4633209e+01  -5.3607481e-01  -4.2783064e+00  -1.0000000e+00   1.0000000e+00             Inf
   9.1486394e-02   1.1999920e-01   3.0000197e-01   1.4221806e+00   2.4662537e+01  -5.2716981e-01  -4.4322547e+00  -1.0000000e+00   1.0000000e+00             Inf
   6.7599682e-02   1.1999999e-01   3.0000000e-01   1.0274129e+00   2.4208006e+01  -5.9013364e-01  -3.1866302e+00  -1.0000000e+00   1.0000000e+00             Inf
   6.7604858e-02   1.2000000e-01   3.0000000e-01   1.0261934e+00   2.4208021e+01  -5.9030148e-01  -3.1828267e+00  -1.0000000e+00   1.0000000e+00             Inf
   9.1316092e-02   1.1999920e-01   3.0000017e-01   1.3880924e+00   2.4656906e+01  -5.3339727e-01  -4.3252008e+00  -1.0000000e+00   1.0000000e+00             Inf
   9.1541835e-02   1.1999916e-01   3.0000000e-01   1.3909625e+00   2.4661209e+01  -5.3287230e-01  -4.3343084e+00  -1.0000000e+00   1.0000000e+00             Inf
   6.8094980e-02   1.2000000e-01   3.0000000e-01   1.0570759e+00   2.4194166e+01  -5.8593082e-01  -3.2793919e+00  -1.0000000e+00   1.0000000e+00             Inf
   9.0159582e-02   1.2000000e-01   3.0000000e-01   1.3733091e+00   2.4633257e+01  -5.3607629e-01  -4.2782903e+00  -1.0000000e+00   1.0000000e+00             Inf
   9.0116640e-02   1.1999835e-01   3.0000000e-01   1.4645025e+00   2.4638058e+01  -5.1927616e-01  -4.5644053e+00  -1.0000000e+00   1.0000000e+00             Inf
   9.0176237e-02   1.1999847e-01   3.0000000e-01   1.4500501e+00   2.4638281e+01  -5.2198224e-01  -4.5190911e+00  -1.0000000e+00   1.0000000e+00             Inf
   6.9063714e-02   1.2000000e-01   3.0000049e-01   1.0410973e+00   2.4190640e+01  -5.8820037e-01  -3.2298487e+00  -1.0000000e+00   1.0000000e+00             Inf
   9.0030315e-02   1.2000000e-01   3.0000000e-01   1.3702084e+00   2.4636713e+01  -5.3668356e-01  -4.2685123e+00  -1.0000000e+00   1.0000000e+00             Inf
   6.9012974e-02   1.1999990e-01   3.0096104e-01   1.0883093e+00   2.4229261e+01  -5.8155942e-01  -3.3771522e+00  -1.0000000e+00   1.0000000e+00             Inf
   8.9963322e-02   1.1999844e-01   3.0000000e-01   1.4601058e+00   2.4636950e+01  -5.2011299e-01  -4.5505432e+00  -1.0000000e+00   1.0000000e+00             Inf
   8.6971832e-02   1.1999995e-01   3.0080912e-01   1.3321949e+00   2.4666444e+01  -5.4403835e-01  -4.1479386e+00  -1.0000000e+00   1.0000000e+00             Inf
   8.7726319e-02   1.2000000e-01   3.0079720e-01   1.3492195e+00   2.4682986e+01  -5.4103585e-01  -4.2017042e+00  -1.0000000e+00   1.0000000e+00             Inf
   8.9824077e-02   1.1999837e-01   3.0000000e-01   1.4619288e+00   2.4639890e+01  -5.1980919e-01  -4.5562100e+00  -1.0000000e+00   1.0000000e+00             Inf
   8.9823982e-02   1.1999837e-01   3.0000000e-01   1.4610994e+00   2.4639948e+01  -5.1996560e-01  -4.5536081e+00  -1.0000000e+00   1.0000000e+00             Inf
   9.1486489e-02   1.1999920e-01   3.0000198e-01   1.4230100e+00   2.4662479e+01  -5.2701620e-01  -4.4348573e+00  -1.0000000e+00   1.0000000e+00             Inf
   9.0160920e-02   1.2000000e-01   3.0000000e-01   1.3733143e+00   2.4633211e+01  -5.3607477e-01  -4.2783073e+00  -1.0000000e+00   1.0000000e+00             Inf
   9.0027825e-02   1.1999989e-01   3.0000000e-01   1.3697269e+00   2.4636685e+01  -5.3677031e-01  -4.2670006e+00  -1.0000000e+00   1.0000000e+00             Inf
   9.1597047e-02   1.1999917e-01   3.0000000e-01   1.3893704e+00   2.4661223e+01  -5.3315274e-01  -4.3293341e+00  -1.0000000e+00   1.0000000e+00             Inf
   8.9768770e-02   1.1999837e-01   3.0000000e-01   1.4626916e+00   2.4639933e+01  -5.1967258e-01  -4.5585790e+00  -1.0000000e+00   1.0000000e+00             Inf
   8.7037153e-02   1.1999996e-01   3.0080801e-01   1.3322049e+00   2.4666027e+01  -5.4402548e-01  -4.1479982e+00  -1.0000000e+00   1.0000000e+00             Inf
   6.8986973e-02   1.2000000e-01   3.0000000e-01   1.0370941e+00   2.4192226e+01  -5.8876450e-01  -3.2173249e+00  -1.0000000e+00   1.0000000e+00             Inf
   9.0563835e-02   1.1999902e-01   3.0000000e-01   1.3808370e+00   2.4688981e+01  -5.3508645e-01  -4.3021757e+00  -1.0000000e+00   1.0000000e+00             Inf
   8.9952266e-02   1.1999841e-01   3.0000000e-01   1.4661924e+00   2.4637705e+01  -5.1897529e-01  -4.5696350e+00  -1.0000000e+00   1.0000000e+00             Inf
   8.7916519e-02   1.1999990e-01   3.0044871e-01   1.3419047e+00   2.4614905e+01  -5.4183894e-01  -4.1787711e+00  -1.0000000e+00   1.0000000e+00             Inf
   9.0189827e-02   1.2000000e-01   3.0000000e-01   1.3638153e+00   2.4632990e+01  -5.3778034e-01  -4.2485102e+00  -1.0000000e+00   1.0000000e+00             Inf
   8.7838578e-02   1.2000000e-01   3.0079642e-01   1.3361258e+00   2.4682443e+01  -5.4335340e-01  -4.1606637e+00  -1.0000000e+00   1.0000000e+00             Inf
   8.7082522e-02   1.1999989e-01   3.0417887e-01   1.2869449e+00   2.4642111e+01  -5.5131221e-01  -4.0059181e+00  -1.0000000e+00   1.0000000e+00             Inf
   8.9728046e-02   1.1999834e-01   3.0000000e-01   1.4878822e+00   2.4636657e+01  -5.1489416e-01  -4.6375795e+00  -1.0000000e+00   1.0000000e+00             Inf
   8.3568047e-02   1.2000000e-01   3.0000469e-01   7.1686167e-01   2.4576412e+01  -6.2589232e-01  -2.2197588e+00  -1.0000000e+00   1.0000000e+00             Inf
   8.7091025e-02   1.1999996e-01   3.0080332e-01   1.3144063e+00   2.4661847e+01  -5.4712762e-01  -4.0921709e+00  -1.0000000e+00   1.0000000e+00             Inf
   8.9880517e-02   1.1999832e-01   3.0000000e-01   1.4649622e+00   2.4639322e+01  -5.1922740e-01  -4.5657491e+00  -1.0000000e+00   1.0000000e+00             Inf
   9.0178459e-02   1.1999848e-01   3.0000000e-01   1.4491711e+00   2.4638219e+01  -5.2214594e-01  -4.5163342e+00  -1.0000000e+00   1.0000000e+00             Inf
   8.6945987e-02   1.1999989e-01   3.0417820e-01   1.2866268e+00   2.4642169e+01  -5.5138637e-01  -4.0048631e+00  -1.0000000e+00   1.0000000e+00             Inf
   6.8539749e-02   1.1999430e-01   3.0000286e-01   1.0085329e+00   2.4203473e+01  -5.9270367e-01  -3.1280241e+00  -1.0000000e+00   1.0000000e+00             Inf
   9.0729001e-02   1.1999896e-01   3.0000197e-01   1.4280961e+00   2.4683980e+01  -5.2635188e-01  -4.4505476e+00  -1.0000000e+00   1.0000000e+00             Inf
   6.8484171e-02   1.1999405e-01   3.0000285e-01   1.0202082e+00   2.4230493e+01  -5.9128114e-01  -3.1643928e+00  -1.0000000e+00   1.0000000e+00             Inf
