   5.0000000e-02   8.0000000e-02   6.1718725e-01   1.5000000e+00   2.7389961e+01  -3.8385349e-01  -4.7484382e+00  -1.0000000e+00   1.0000000e+00             Inf
   5.0000000e-02   8.0000000e-02   6.2299740e-01   1.5000000e+00   2.7385390e+01  -3.8334137e-01  -4.7484769e+00  -1.0000000e+00   1.0000000e+00             Inf
   9.2046674e-02   1.2000000e-01   3.0000000e-01   5.2564327e-01   2.6362044e+01  -6.4246200e-01  -1.6179500e+00  -1.0000000e+00   1.0000000e+00             Inf
   9.2253034e-02   1.2000000e-01   3.0000000e-01   5.2500930e-01   2.6461373e+01  -6.4283741e-01  -1.6157883e+00  -1.0000000e+00   1.0000000e+00             Inf
   8.5476543e-02   1.1945566e-01   3.4415535e-01   8.3807175e-01   2.6058878e+01  -6.0831246e-01  -2.5901016e+00  -1.0000000e+00   1.0000000e+00             Inf
   5.0172161e-02   8.8389268e-02   4.5938880e-01   1.5000000e+00   2.7357068e+01  -4.1466109e-01  -4.7246416e+00  -1.0000000e+00   1.0000000e+00             Inf
   1.0000000e-01   1.2000000e-01   3.0000000e-01   7.9858295e-01   2.6323174e+01  -6.1792178e-01  -2.4673281e+00  -1.0000000e+00   1.0000000e+00             Inf
   5.0000479e-02   9.3459631e-02   4.7418866e-01   1.5000000e+00   2.7360362e+01  -4.2509577e-01  -4.7107698e+00  -1.0000000e+00   1.0000000e+00             Inf
   1.0000000e-01   1.2000000e-01   3.4040507e-01   1.4507365e+00   2.7042258e+01  -5.1809127e-01  -4.5138649e+00  -1.0000000e+00   1.0000000e+00             Inf
   1.0000000e-01   1.1642136e-01   4.8746831e-01   1.5000000e+00   2.7359717e+01  -4.7480038e-01  -4.6678721e+00  -1.0000000e+00   1.0000000e+00             Inf
   1.0000000e-01   1.1786401e-01   4.8689806e-01   1.5000000e+00   2.7359701e+01  -4.7949891e-01  -4.6658006e+00  -1.0000000e+00   1.0000000e+00             Inf
   5.0000000e-02   9.3694985e-02   4.6888750e-01   1.5000000e+00   2.7360488e+01  -4.2611562e-01  -4.7100291e+00  -1.0000000e+00   1.0000000e+00             Inf
   1.0000000e-01   1.1565751e-01   4.8726887e-01   1.5000000e+00   2.7359689e+01  -4.7238922e-01  -4.6690065e+00  -1.0000000e+00   1.0000000e+00             Inf
   5.0510285e-02   9.1025633e-02   4.6547631e-01   1.5000000e+00   2.7358156e+01  -4.2002260e-01  -4.7174449e+00  -1.0000000e+00   1.0000000e+00             Inf
   5.0000000e-02   8.8354415e-02   4.5974181e-01   1.5000000e+00   2.7357027e+01  -4.1463188e-01  -4.7247247e+00  -1.0000000e+00   1.0000000e+00             Inf
   5.0500282e-02   9.1073212e-02   4.6549377e-01   1.5000000e+00   2.7358101e+01  -4.2013465e-01  -4.7173121e+00  -1.0000000e+00   1.0000000e+00             Inf
   5.0000000e-02   9.3691127e-02   4.6886823e-01   1.5000000e+00   2.7360489e+01  -4.2610840e-01  -4.7100395e+00  -1.0000000e+00   1.0000000e+00             Inf
   8.7485536e-02   1.2000000e-01   3.5628325e-01   1.3451589e+00   2.7342124e+01  -5.3578646e-01  -4.1726630e+00  -1.0000000e+00   1.0000000e+00             Inf
   5.0000000e-02   9.3436325e-02   4.7426687e-01   1.5000000e+00   2.7360370e+01  -4.2503513e-01  -4.7108354e+00  -1.0000000e+00   1.0000000e+00             Inf
   5.0000317e-02   8.0000000e-02   6.0324532e-01   1.5000000e+00   2.7391290e+01  -3.8499840e-01  -4.7483414e+00  -1.0000000e+00   1.0000000e+00             Inf
   8.5831730e-02   1.1947096e-01   3.4300429e-01   8.3654741e-01   2.6058961e+01  -6.0865451e-01  -2.5853990e+00  -1.0000000e+00   1.0000000e+00             Inf
   9.9644813e-02   1.1998470e-01   3.0115106e-01   8.0010729e-01   2.6323090e+01  -6.1769667e-01  -2.4720799e+00  -1.0000000e+00   1.0000000e+00             Inf
   1.0000000e-01   1.1990926e-01   3.0000000e-01   7.9212918e-01   2.6342461e+01  -6.1849665e-01  -2.4471431e+00  -1.0000000e+00   1.0000000e+00             Inf
   5.0000318e-02   8.0000000e-02   6.0231306e-01   1.5000000e+00   2.7390595e+01  -3.8506841e-01  -4.7483349e+00  -1.0000000e+00   1.0000000e+00             Inf
   5.0000000e-02   8.9550682e-02   4.6575613e-01   1.5000000e+00   2.7356178e+01  -4.1683348e-01  -4.7214815e+00  -1.0000000e+00   1.0000000e+00             Inf
   8.9920633e-02   1.2000000e-01   4.0255533e-01   6.1753533e-01   2.6212471e+01  -6.2567192e-01  -1.9040287e+00  -1.0000000e+00   1.0000000e+00             Inf
   5.0000000e-02   8.0000000e-02   6.2473180e-01   1.5000000e+00   2.7379662e+01  -3.8315217e-01  -4.7484882e+00  -1.0000000e+00   1.0000000e+00             Inf
   8.6287223e-02   1.1971631e-01   4.0720502e-01   6.1776409e-01   2.6217475e+01  -6.2488937e-01  -1.9045939e+00  -1.0000000e+00   1.0000000e+00             Inf
   1.0000000e-01   1.1664451e-01   4.8508193e-01   1.5000000e+00   2.7359448e+01  -4.7590830e-01  -4.6676437e+00  -1.0000000e+00   1.0000000e+00             Inf
   5.0891333e-02   8.9239161e-02   4.6552113e-01   1.4999640e+00   2.7355830e+01  -4.1573774e-01  -4.7223199e+00  -1.0000000e+00   1.0000000e+00             Inf
   5.0768181e-02   9.0112692e-02   4.6409810e-01   1.5000000e+00   2.7335894e+01  -4.1779396e-01  -4.7200180e+00  -1.0000000e+00   1.0000000e+00             Inf
   5.0000000e-02   9.3642622e-02   4.6890435e-01   1.5000000e+00   2.7360618e+01  -4.2599338e-01  -4.7101738e+00  -1.0000000e+00   1.0000000e+00             Inf
   5.0345720e-02   9.4173688e-02   4.7392883e-01   1.5000000e+00   2.7435083e+01  -4.2705906e-01  -4.7087201e+00  -1.0000000e+00   1.0000000e+00             Inf
   9.9654280e-02   1.1952130e-01   3.0000000e-01   7.6095504e-01   2.6248579e+01  -6.2059487e-01  -2.3501262e+00  -1.0000000e+00   1.0000000e+00             Inf
   5.1072725e-02   9.1788820e-02   4.6624446e-01   1.5000000e+00   2.7361933e+01  -4.2150158e-01  -4.7154120e+00  -1.0000000e+00   1.0000000e+00             Inf
   5.0019341e-02   9.3591721e-02   4.6902289e-01   1.5000000e+00   2.7360656e+01  -4.2585736e-01  -4.7103195e+00  -1.0000000e+00   1.0000000e+00             Inf
   5.0000316e-02   8.0000000e-02   6.0744001e-01   1.5000000e+00   2.7394298e+01  -3.8468216e-01  -4.7483706e+00  -1.0000000e+00   1.0000000e+00             Inf
   5.0000480e-02   9.3535494e-02   4.6999397e-01   1.5000000e+00   2.7357354e+01  -4.2562879e-01  -4.7104939e+00  -1.0000000e+00   1.0000000e+00             Inf
   5.0000315e-02   8.0000000e-02   6.0219339e-01   1.5000000e+00   2.7390604e+01  -3.8507820e-01  -4.7483341e+00  -1.0000000e+00   1.0000000e+00             Inf
   5.0000003e-02   8.0000000e-02   6.1730691e-01   1.5000000e+00   2.7389952e+01  -3.8384365e-01  -4.7484390e+00  -1.0000000e+00   1.0000000e+00             Inf
   5.0000000e-02   8.8601445e-02   4.5969824e-01   1.5000000e+00   2.7357269e+01  -4.1519791e-01  -4.7240382e+00  -1.0000000e+00   1.0000000e+00             Inf
   5.0000000e-02   9.3447955e-02   4.6893108e-01   1.5000000e+00   2.7360247e+01  -4.2553754e-01  -4.7107129e+00  -1.0000000e+00   1.0000000e+00             Inf
   5.0000000e-02   9.1921730e-02   4.6876925e-01   1.5000000e+00   2.7425664e+01  -4.2240786e-01  -4.7148313e+00  -1.0000000e+00   1.0000000e+00             Inf
   5.0000000e-02   8.8459810e-02   4.5975946e-01   1.5000000e+00   2.7357324e+01  -4.1487141e-01  -4.7244320e+00  -1.0000000e+00   1.0000000e+00             Inf
   1.0000000e-01   1.1639913e-01   4.8746194e-01   1.5000000e+00   2.7359718e+01  -4.7473040e-01  -4.6679050e+00  -1.0000000e+00   1.0000000e+00             Inf
   5.0000000e-02   9.1889266e-02   4.5748884e-01   1.5000000e+00   2.7508244e+01  -4.2378237e-01  -4.7146002e+00  -1.0000000e+00   1.0000000e+00             Inf
   1.0000000e-01   1.1635975e-01   4.8729241e-01   1.5000000e+00   2.7359469e+01  -4.7463132e-01  -4.6679704e+00  -1.0000000e+00   1.0000000e+00             Inf
   5.0000000e-02   9.2614631e-02   4.6865177e-01   1.5000000e+00   2.7426183e+01  -4.2401363e-01  -4.7129041e+00  -1.0000000e+00   1.0000000e+00             Inf
   1.0000000e-01   1.2000000e-01   3.0152724e-01   7.7921613e-01   2.6270792e+01  -6.1947476e-01  -2.4069997e+00  -1.0000000e+00   1.0000000e+00             Inf
   5.0000000e-02   9.3636081e-02   4.6881061e-01   1.5000000e+00   2.7360542e+01  -4.2598616e-01  -4.7101905e+00  -1.0000000e+00   1.0000000e+00             Inf
