   5.0143331e-02   1.1997535e-01   3.0034769e-01   1.4679646e+00   2.3705167e+01  -5.1003919e-01  -4.5534107e+00  -1.0000000e+00   1.0000000e+00             Inf
   5.2269631e-02   1.1997531e-01   3.0101983e-01   1.3851124e+00   2.3779065e+01  -5.2626884e-01  -4.2957824e+00  -1.0000000e+00   1.0000000e+00             Inf
   5.0614227e-02   1.2000000e-01   3.0000000e-01   1.2282962e+00   2.3725012e+01  -5.5362087e-01  -3.8064264e+00  -1.0000000e+00   1.0000000e+00             Inf
   7.6959319e-02   1.1999997e-01   3.1023191e-01   6.2410158e-01   2.5572241e+01  -6.3794807e-01  -1.9283676e+00  -1.0000000e+00   1.0000000e+00             Inf
   5.0000000e-02   1.2000000e-01   3.0918628e-01   1.3041993e+00   2.3886792e+01  -5.4006203e-01  -4.0421336e+00  -1.0000000e+00   1.0000000e+00             Inf
   5.2470535e-02   1.1999933e-01   3.0000104e-01   1.2545041e+00   2.3737915e+01  -5.4961799e-01  -3.8888309e+00  -1.0000000e+00   1.0000000e+00             Inf
   5.1385331e-02   1.1998983e-01   3.0018883e-01   1.4197883e+00   2.3701543e+01  -5.1931599e-01  -4.4034971e+00  -1.0000000e+00   1.0000000e+00             Inf
   5.9403406e-02   1.1999999e-01   3.0025711e-01   8.3820536e-01   2.5315268e+01  -6.1618149e-01  -2.5912090e+00  -1.0000000e+00   1.0000000e+00             Inf
   5.9753508e-02   1.2000000e-01   3.3765645e-01   9.9736169e-01   2.5350575e+01  -5.9290384e-01  -3.0856310e+00  -1.0000000e+00   1.0000000e+00             Inf
   6.0070988e-02   1.2000000e-01   3.3469791e-01   9.8091353e-01   2.5351643e+01  -5.9552949e-01  -3.0346320e+00  -1.0000000e+00   1.0000000e+00             Inf
   5.2633290e-02   1.1999917e-01   3.0002899e-01   1.2618120e+00   2.3749264e+01  -5.4845299e-01  -3.9116512e+00  -1.0000000e+00   1.0000000e+00             Inf
   5.2442750e-02   1.1999925e-01   3.0000000e-01   1.2604670e+00   2.3736523e+01  -5.4857264e-01  -3.9073852e+00  -1.0000000e+00   1.0000000e+00             Inf
   7.6887963e-02   1.1999997e-01   3.0948277e-01   6.2641963e-01   2.5570111e+01  -6.3781952e-01  -1.9355631e+00  -1.0000000e+00   1.0000000e+00             Inf
   5.9189712e-02   1.2000000e-01   3.0041786e-01   8.7970835e-01   2.5290054e+01  -6.1143364e-01  -2.7201778e+00  -1.0000000e+00   1.0000000e+00             Inf
   6.9150108e-02   1.1954246e-01   3.0502054e-01   5.8178724e-01   2.5592009e+01  -6.4087571e-01  -1.7960891e+00  -1.0000000e+00   1.0000000e+00             Inf
   6.9165432e-02   1.1952124e-01   3.0731922e-01   5.7576815e-01   2.5575006e+01  -6.4107543e-01  -1.7774825e+00  -1.0000000e+00   1.0000000e+00             Inf
   7.5369500e-02   1.1999967e-01   3.0966850e-01   6.8163911e-01   2.5719431e+01  -6.3379199e-01  -2.1066412e+00  -1.0000000e+00   1.0000000e+00             Inf
   5.0957505e-02   1.1999813e-01   3.0014839e-01   1.1656719e+00   2.3944609e+01  -5.6522512e-01  -3.6113286e+00  -1.0000000e+00   1.0000000e+00             Inf
   6.9245110e-02   1.1954545e-01   3.0677653e-01   5.0000000e-01   2.5530503e+01  -6.4644031e-01  -1.5426734e+00  -1.0000000e+00   1.0000000e+00             Inf
   5.0496537e-02   1.2000000e-01   3.0000000e-01   1.2193152e+00   2.3786034e+01  -5.5546247e-01  -3.7783471e+00  -1.0000000e+00   1.0000000e+00             Inf
   5.0515560e-02   1.1997536e-01   3.0039189e-01   1.4633350e+00   2.3682034e+01  -5.1080903e-01  -4.5390620e+00  -1.0000000e+00   1.0000000e+00             Inf
   5.2328584e-02   1.1997566e-01   3.0106509e-01   1.3826971e+00   2.3770936e+01  -5.2666607e-01  -4.2882664e+00  -1.0000000e+00   1.0000000e+00             Inf
   7.6888909e-02   1.1999992e-01   3.0946506e-01   6.2667268e-01   2.5569981e+01  -6.3780060e-01  -1.9363499e+00  -1.0000000e+00   1.0000000e+00             Inf
   5.0603689e-02   1.2000000e-01   3.0000000e-01   1.2237159e+00   2.3725661e+01  -5.5439666e-01  -3.7921681e+00  -1.0000000e+00   1.0000000e+00             Inf
   5.1395869e-02   1.1998978e-01   3.0019091e-01   1.4243686e+00   2.3700894e+01  -5.1845861e-01  -4.4177986e+00  -1.0000000e+00   1.0000000e+00             Inf
   5.9191115e-02   1.2000000e-01   3.0041839e-01   8.8008858e-01   2.5289353e+01  -6.1138891e-01  -2.7213627e+00  -1.0000000e+00   1.0000000e+00             Inf
   5.2035886e-02   1.1999003e-01   3.0019127e-01   1.4265724e+00   2.3709309e+01  -5.1821497e-01  -4.4249932e+00  -1.0000000e+00   1.0000000e+00             Inf
   6.8998028e-02   1.1957112e-01   3.0686573e-01   5.0063416e-01   2.5538320e+01  -6.4642854e-01  -1.5446090e+00  -1.0000000e+00   1.0000000e+00             Inf
   5.0667945e-02   1.1999810e-01   3.0057498e-01   1.1726811e+00   2.4049058e+01  -5.6450181e-01  -3.6327567e+00  -1.0000000e+00   1.0000000e+00             Inf
   5.8974990e-02   1.2000000e-01   3.0000000e-01   8.8786861e-01   2.5285797e+01  -6.1047535e-01  -2.7454821e+00  -1.0000000e+00   1.0000000e+00             Inf
   7.5584222e-02   1.1999967e-01   3.1039845e-01   6.7347886e-01   2.5723688e+01  -6.3444080e-01  -2.0812944e+00  -1.0000000e+00   1.0000000e+00             Inf
   5.2445897e-02   1.1997524e-01   3.0001868e-01   1.3817221e+00   2.3722766e+01  -5.2669110e-01  -4.2852672e+00  -1.0000000e+00   1.0000000e+00             Inf
   5.0850694e-02   1.1999822e-01   3.0015017e-01   1.1970290e+00   2.3957062e+01  -5.6017154e-01  -3.7088433e+00  -1.0000000e+00   1.0000000e+00             Inf
   5.9609109e-02   1.1999991e-01   3.0019934e-01   7.8890951e-01   2.5267962e+01  -6.2130530e-01  -2.4383735e+00  -1.0000000e+00   1.0000000e+00             Inf
   7.4253779e-02   1.2000000e-01   3.1031202e-01   6.6192064e-01   2.5842303e+01  -6.3571596e-01  -2.0448332e+00  -1.0000000e+00   1.0000000e+00             Inf
   5.0427261e-02   1.1997440e-01   3.0001719e-01   1.5000000e+00   2.3751311e+01  -5.0440054e-01  -4.6538438e+00  -1.0000000e+00   1.0000000e+00             Inf
   6.0470092e-02   1.1999954e-01   3.3334034e-01   9.5269136e-01   2.5418565e+01  -5.9958976e-01  -2.9467328e+00  -1.0000000e+00   1.0000000e+00             Inf
   1.0000000e-01   1.2000000e-01   4.1600877e-01   1.0598432e+00   2.5474873e+01  -5.7646456e-01  -3.2945905e+00  -1.0000000e+00   1.0000000e+00             Inf
   5.0000000e-02   1.1999928e-01   3.0000000e-01   1.2367947e+00   2.3793604e+01  -5.5243431e-01  -3.8325150e+00  -1.0000000e+00   1.0000000e+00             Inf
   5.9772051e-02   1.2000000e-01   3.3776738e-01   9.9796657e-01   2.5350588e+01  -5.9281522e-01  -3.0875193e+00  -1.0000000e+00   1.0000000e+00             Inf
   5.0619085e-02   1.2000000e-01   3.0000000e-01   1.2200931e+00   2.3722802e+01  -5.5499417e-01  -3.7809056e+00  -1.0000000e+00   1.0000000e+00             Inf
   5.0620193e-02   1.1997439e-01   3.0042577e-01   1.4452667e+00   2.3654796e+01  -5.1402807e-01  -4.4826146e+00  -1.0000000e+00   1.0000000e+00             Inf
   5.2491986e-02   1.1999935e-01   3.0000035e-01   1.2566384e+00   2.3736152e+01  -5.4924314e-01  -3.8954872e+00  -1.0000000e+00   1.0000000e+00             Inf
   5.0540331e-02   1.1997477e-01   3.0038192e-01   1.4655446e+00   2.3708163e+01  -5.1057520e-01  -4.5460366e+00  -1.0000000e+00   1.0000000e+00             Inf
   5.2501385e-02   1.1999916e-01   3.0000208e-01   1.2554691e+00   2.3740452e+01  -5.4947276e-01  -3.8918478e+00  -1.0000000e+00   1.0000000e+00             Inf
   5.1365018e-02   1.1998995e-01   3.0018987e-01   1.4234036e+00   2.3698357e+01  -5.1861682e-01  -4.4147675e+00  -1.0000000e+00   1.0000000e+00             Inf
   5.2553458e-02   1.1999935e-01   3.0000033e-01   1.2579767e+00   2.3737228e+01  -5.4903099e-01  -3.8996813e+00  -1.0000000e+00   1.0000000e+00             Inf
   5.0000000e-02   1.1999928e-01   3.0000002e-01   1.2354565e+00   2.3792528e+01  -5.5265538e-01  -3.8283510e+00  -1.0000000e+00   1.0000000e+00             Inf
   5.0000000e-02   1.1999925e-01   3.0000000e-01   1.2380542e+00   2.3793608e+01  -5.5222020e-01  -3.8364354e+00  -1.0000000e+00   1.0000000e+00             Inf
   5.0502253e-02   1.2000000e-01   3.0000000e-01   1.2180557e+00   2.3786030e+01  -5.5567523e-01  -3.7744301e+00  -1.0000000e+00   1.0000000e+00             Inf
