   5.1620431e-02   8.0862184e-02   3.0000000e-01   1.5000000e+00   2.2787243e+01  -3.8661965e-01  -4.7354866e+00  -1.0000000e+00   1.0000000e+00             Inf
   9.8192408e-02   1.2000000e-01   3.0111511e-01   1.0079767e+00   2.7106980e+01  -6.0557145e-01  -3.1265828e+00  -1.0000000e+00   1.0000000e+00             Inf
   1.0000000e-01   1.2000000e-01   3.0000983e-01   1.0008884e+00   2.7134337e+01  -6.0643867e-01  -3.1048494e+00  -1.0000000e+00   1.0000000e+00             Inf
   1.0000000e-01   1.1999802e-01   3.0001879e-01   1.4280147e+00   2.5756087e+01  -5.3394947e-01  -4.4561497e+00  -1.0000000e+00   1.0000000e+00             Inf
   6.8825022e-02   1.1913881e-01   3.0338536e-01   5.4445861e-01   2.7291418e+01  -6.4712252e-01  -1.6755047e+00  -1.0000000e+00   1.0000000e+00             Inf
   9.6974729e-02   1.2000000e-01   3.0760605e-01   6.8738976e-01   2.7256722e+01  -6.3791586e-01  -2.1230845e+00  -1.0000000e+00   1.0000000e+00             Inf
   7.9333132e-02   1.2000000e-01   3.0000000e-01   6.4097370e-01   2.7303423e+01  -6.4244090e-01  -1.9757645e+00  -1.0000000e+00   1.0000000e+00             Inf
   9.6937603e-02   1.2000000e-01   3.0752797e-01   6.8772677e-01   2.7255637e+01  -6.3789574e-01  -2.1241318e+00  -1.0000000e+00   1.0000000e+00             Inf
   5.2409019e-02   8.8973146e-02   3.0000000e-01   1.5000000e+00   2.2885896e+01  -4.1027917e-01  -4.7158243e+00  -1.0000000e+00   1.0000000e+00             Inf
   9.7173645e-02   1.1999678e-01   3.0084757e-01   1.2610724e+00   2.5799397e+01  -5.6361104e-01  -3.9287528e+00  -1.0000000e+00   1.0000000e+00             Inf
   9.7333335e-02   1.2000000e-01   3.0018365e-01   9.0003526e-01   2.7103781e+01  -6.1809025e-01  -2.7878649e+00  -1.0000000e+00   1.0000000e+00             Inf
   7.9505087e-02   1.2000000e-01   3.0000002e-01   6.3578447e-01   2.7282277e+01  -6.4285166e-01  -1.9597901e+00  -1.0000000e+00   1.0000000e+00             Inf
   9.9812634e-02   1.1999716e-01   3.0000128e-01   1.4070315e+00   2.5887605e+01  -5.3868620e-01  -4.3897795e+00  -1.0000000e+00   1.0000000e+00             Inf
   9.8491838e-02   1.2000000e-01   3.0101004e-01   1.2892949e+00   2.5830250e+01  -5.5889868e-01  -4.0182076e+00  -1.0000000e+00   1.0000000e+00             Inf
   9.9202843e-02   1.1983821e-01   3.0000000e-01   1.0228941e+00   2.7155283e+01  -6.0358239e-01  -3.1736105e+00  -1.0000000e+00   1.0000000e+00             Inf
   9.7517054e-02   1.1999052e-01   3.0098988e-01   1.3146925e+00   2.5844072e+01  -5.5485313e-01  -4.0977580e+00  -1.0000000e+00   1.0000000e+00             Inf
   9.7319501e-02   1.1999995e-01   3.0022995e-01   8.9466176e-01   2.7187865e+01  -6.1889015e-01  -2.7706171e+00  -1.0000000e+00   1.0000000e+00             Inf
   9.8482396e-02   1.2000000e-01   3.0101020e-01   1.2856435e+00   2.5829959e+01  -5.5950684e-01  -4.0066965e+00  -1.0000000e+00   1.0000000e+00             Inf
   5.7650223e-02   1.2000000e-01   3.4076429e-01   1.0883132e+00   2.3985265e+01  -5.7501019e-01  -3.3731328e+00  -1.0000000e+00   1.0000000e+00             Inf
   9.9291708e-02   1.2000000e-01   3.0000000e-01   1.3311293e+00   2.5777748e+01  -5.5143765e-01  -4.1505533e+00  -1.0000000e+00   1.0000000e+00             Inf
   9.5392294e-02   1.1969481e-01   3.0000000e-01   1.3327697e+00   2.5757186e+01  -5.5087530e-01  -4.1541831e+00  -1.0000000e+00   1.0000000e+00             Inf
   9.7158590e-02   1.1999673e-01   3.0084711e-01   1.2576915e+00   2.5851555e+01  -5.6449451e-01  -3.9179445e+00  -1.0000000e+00   1.0000000e+00             Inf
   9.9998285e-02   1.1999997e-01   3.0002586e-01   7.9993449e-01   2.7037059e+01  -6.2758336e-01  -2.4755824e+00  -1.0000000e+00   1.0000000e+00             Inf
   9.7547386e-02   1.1999039e-01   3.0100766e-01   1.3149535e+00   2.5842380e+01  -5.5479014e-01  -4.0985995e+00  -1.0000000e+00   1.0000000e+00             Inf
   9.9439740e-02   1.2000000e-01   3.0096240e-01   8.6186328e-01   2.7085921e+01  -6.2169080e-01  -2.6690174e+00  -1.0000000e+00   1.0000000e+00             Inf
   9.3361715e-02   1.1999526e-01   3.0041293e-01   9.8495179e-01   2.7162255e+01  -6.0881900e-01  -3.0521547e+00  -1.0000000e+00   1.0000000e+00             Inf
   9.6977496e-02   1.2000000e-01   3.0762394e-01   6.9455499e-01   2.7253725e+01  -6.3731291e-01  -2.1454175e+00  -1.0000000e+00   1.0000000e+00             Inf
   9.3284595e-02   1.2000000e-01   3.0000162e-01   9.8242121e-01   2.7165012e+01  -6.0918072e-01  -3.0441754e+00  -1.0000000e+00   1.0000000e+00             Inf
   9.6444547e-02   1.1983772e-01   3.1031911e-01   6.6765620e-01   2.7249591e+01  -6.3914136e-01  -2.0616406e+00  -1.0000000e+00   1.0000000e+00             Inf
   9.7501328e-02   1.1998541e-01   3.0099704e-01   1.3446319e+00   2.5753601e+01  -5.4908604e-01  -4.1923011e+00  -1.0000000e+00   1.0000000e+00             Inf
   9.6623773e-02   1.2000000e-01   3.0519508e-01   6.9674518e-01   2.7140845e+01  -6.3705636e-01  -2.1525729e+00  -1.0000000e+00   1.0000000e+00             Inf
   1.0000000e-01   1.1999801e-01   3.0000000e-01   1.4249099e+00   2.5833998e+01  -5.3505316e-01  -4.4462795e+00  -1.0000000e+00   1.0000000e+00             Inf
   9.9438215e-02   1.2000000e-01   3.0096129e-01   8.7306337e-01   2.7165185e+01  -6.2078153e-01  -2.7037119e+00  -1.0000000e+00   1.0000000e+00             Inf
   9.7357323e-02   1.1984484e-01   3.0000000e-01   1.0135454e+00   2.7177996e+01  -6.0497190e-01  -3.1433874e+00  -1.0000000e+00   1.0000000e+00             Inf
   5.9540512e-02   1.1999903e-01   3.4371281e-01   1.0877914e+00   2.3984628e+01  -5.7504227e-01  -3.3722177e+00  -1.0000000e+00   1.0000000e+00             Inf
   9.3316672e-02   1.2000000e-01   3.0025330e-01   9.6892362e-01   2.7162311e+01  -6.1074517e-01  -3.0019270e+00  -1.0000000e+00   1.0000000e+00             Inf
   9.3590411e-02   1.2000000e-01   3.0009654e-01   1.0052031e+00   2.7141281e+01  -6.0635685e-01  -3.1158305e+00  -1.0000000e+00   1.0000000e+00             Inf
   9.9157429e-02   1.1983668e-01   3.0000000e-01   1.0251912e+00   2.7118314e+01  -6.0318705e-01  -3.1810195e+00  -1.0000000e+00   1.0000000e+00             Inf
   9.7204004e-02   1.1999826e-01   3.0086686e-01   1.2553944e+00   2.5888524e+01  -5.6509118e-01  -3.9106141e+00  -1.0000000e+00   1.0000000e+00             Inf
   9.7359971e-02   1.1984525e-01   3.0000000e-01   1.0139968e+00   2.7177805e+01  -6.0491638e-01  -3.1448059e+00  -1.0000000e+00   1.0000000e+00             Inf
   9.9200195e-02   1.1983779e-01   3.0000000e-01   1.0224427e+00   2.7155475e+01  -6.0363846e-01  -3.1721909e+00  -1.0000000e+00   1.0000000e+00             Inf
   1.0000000e-01   1.1999719e-01   3.0000000e-01   1.4224525e+00   2.5954335e+01  -5.3630308e-01  -4.4383438e+00  -1.0000000e+00   1.0000000e+00             Inf
   9.9512882e-02   1.1999403e-01   3.0112924e-01   8.5576847e-01   2.7082101e+01  -6.2226083e-01  -2.6499774e+00  -1.0000000e+00   1.0000000e+00             Inf
   7.8541866e-02   1.2000000e-01   3.0000002e-01   6.5116920e-01   2.7272876e+01  -6.4147900e-01  -2.0073581e+00  -1.0000000e+00   1.0000000e+00             Inf
   9.6355516e-02   1.1969355e-01   3.0000000e-01   1.3173850e+00   2.5766587e+01  -5.5345205e-01  -4.1061660e+00  -1.0000000e+00   1.0000000e+00             Inf
   9.7031537e-02   1.1998926e-01   3.0024895e-01   1.2949936e+00   2.5800262e+01  -5.5807777e-01  -4.0355787e+00  -1.0000000e+00   1.0000000e+00             Inf
   6.8684264e-02   1.1913576e-01   3.0346234e-01   5.4524209e-01   2.7291708e+01  -6.4702360e-01  -1.6779051e+00  -1.0000000e+00   1.0000000e+00             Inf
   7.9645845e-02   1.2000000e-01   3.0000000e-01   6.3500099e-01   2.7281988e+01  -6.4292864e-01  -1.9573855e+00  -1.0000000e+00   1.0000000e+00             Inf
   9.5425131e-02   1.1970097e-01   3.0000000e-01   1.3495579e+00   2.5839086e+01  -5.4846956e-01  -4.2068856e+00  -1.0000000e+00   1.0000000e+00             Inf
   9.8043756e-02   1.2000000e-01   3.0342911e-01   1.3013759e+00   2.5793925e+01  -5.5640507e-01  -4.0561224e+00  -1.0000000e+00   1.0000000e+00             Inf
