   8.8431998e-02   1.2000000e-01   3.0000000e-01   1.1616520e+00   2.6553046e+01  -5.8426289e-01  -3.6085375e+00  -1.0000000e+00   1.0000000e+00             Inf
   5.0010359e-02   1.1984965e-01   3.1922230e-01   1.4775026e+00   2.3419535e+01  -5.0579287e-01  -4.5830231e+00  -1.0000000e+00   1.0000000e+00             Inf
   5.8493035e-02   1.1999912e-01   3.0033159e-01   5.0033482e-01   2.7526096e+01  -6.4960146e-01  -1.5373807e+00  -1.0000000e+00   1.0000000e+00             Inf
   9.0491879e-02   1.2000000e-01   3.0002890e-01   1.1651813e+00   2.6544060e+01  -5.8371719e-01  -3.6208315e+00  -1.0000000e+00   1.0000000e+00             Inf
   6.2319162e-02   1.1999979e-01   3.0869134e-01   6.8946467e-01   2.7387639e+01  -6.3419148e-01  -2.1221107e+00  -1.0000000e+00   1.0000000e+00             Inf
   5.8469864e-02   1.1999823e-01   3.0183518e-01   6.0944062e-01   2.7095633e+01  -6.4071149e-01  -1.8754792e+00  -1.0000000e+00   1.0000000e+00             Inf
   5.0084578e-02   1.1998815e-01   3.1172152e-01   1.4626208e+00   2.3358640e+01  -5.0957481e-01  -4.5364629e+00  -1.0000000e+00   1.0000000e+00             Inf
   9.9603597e-02   1.2000000e-01   3.0000000e-01   5.5056042e-01   2.7531480e+01  -6.4959801e-01  -1.6971988e+00  -1.0000000e+00   1.0000000e+00             Inf
   5.7970343e-02   1.1998846e-01   3.0162745e-01   9.2452956e-01   2.4546030e+01  -6.0510649e-01  -2.8629388e+00  -1.0000000e+00   1.0000000e+00             Inf
   5.7980729e-02   1.1998810e-01   3.0124621e-01   9.2325111e-01   2.4576048e+01  -6.0541615e-01  -2.8588633e+00  -1.0000000e+00   1.0000000e+00             Inf
   9.0128879e-02   1.1993830e-01   3.0016324e-01   1.1965103e+00   2.6639596e+01  -5.7920765e-01  -3.7186178e+00  -1.0000000e+00   1.0000000e+00             Inf
   9.8068907e-02   1.2000000e-01   3.0009525e-01   5.7568925e-01   2.7644153e+01  -6.4832890e-01  -1.7747460e+00  -1.0000000e+00   1.0000000e+00             Inf
   5.8470306e-02   1.1999823e-01   3.0187092e-01   6.1338028e-01   2.7101198e+01  -6.4037255e-01  -1.8876144e+00  -1.0000000e+00   1.0000000e+00             Inf
   5.7763817e-02   1.1999811e-01   3.0003660e-01   9.7203377e-01   2.4580420e+01  -5.9949126e-01  -3.0105566e+00  -1.0000000e+00   1.0000000e+00             Inf
   9.0539915e-02   1.1993403e-01   3.0000000e-01   1.2075755e+00   2.6630744e+01  -5.7749763e-01  -3.7537309e+00  -1.0000000e+00   1.0000000e+00             Inf
   5.8470291e-02   1.1999823e-01   3.0187184e-01   6.1360012e-01   2.7102106e+01  -6.4035361e-01  -1.8882889e+00  -1.0000000e+00   1.0000000e+00             Inf
   5.1024665e-02   1.1998866e-01   3.1183704e-01   1.3677370e+00   2.3823680e+01  -5.3041457e-01  -4.2417070e+00  -1.0000000e+00   1.0000000e+00             Inf
   9.0241705e-02   1.1993523e-01   3.0000000e-01   1.2186163e+00   2.6622066e+01  -5.7576153e-01  -3.7883489e+00  -1.0000000e+00   1.0000000e+00             Inf
   8.9952793e-02   1.1993774e-01   3.0045348e-01   1.1780406e+00   2.6623078e+01  -5.8189683e-01  -3.6605279e+00  -1.0000000e+00   1.0000000e+00             Inf
   5.0000000e-02   1.1998847e-01   3.1155388e-01   1.3865935e+00   2.3471766e+01  -5.2449100e-01  -4.2996894e+00  -1.0000000e+00   1.0000000e+00             Inf
   9.0138817e-02   1.1993797e-01   3.0023344e-01   1.2276126e+00   2.6656404e+01  -5.7445737e-01  -3.8163816e+00  -1.0000000e+00   1.0000000e+00             Inf
   5.0010383e-02   1.1984337e-01   3.1931412e-01   1.4823126e+00   2.3419664e+01  -5.0486013e-01  -4.5980479e+00  -1.0000000e+00   1.0000000e+00             Inf
   8.9799421e-02   1.1993712e-01   3.0002811e-01   1.1970092e+00   2.6622588e+01  -5.7908268e-01  -3.7201007e+00  -1.0000000e+00   1.0000000e+00             Inf
   5.1042464e-02   1.1998679e-01   3.1168502e-01   1.4924642e+00   2.3444843e+01  -5.0471775e-01  -4.6303347e+00  -1.0000000e+00   1.0000000e+00             Inf
   5.8825981e-02   1.1998889e-01   3.0168140e-01   6.1767151e-01   2.7179310e+01  -6.4011725e-01  -1.9005893e+00  -1.0000000e+00   1.0000000e+00             Inf
   8.8469109e-02   1.2000000e-01   3.0101595e-01   1.1453362e+00   2.6679264e+01  -5.8692891e-01  -3.5565154e+00  -1.0000000e+00   1.0000000e+00             Inf
   5.0000000e-02   1.1998809e-01   3.1071011e-01   1.4659214e+00   2.3278317e+01  -5.0851760e-01  -4.5464880e+00  -1.0000000e+00   1.0000000e+00             Inf
   9.0197468e-02   1.1993901e-01   3.0013076e-01   1.1806453e+00   2.6640011e+01  -5.8160901e-01  -3.6687554e+00  -1.0000000e+00   1.0000000e+00             Inf
   5.8468953e-02   1.1999821e-01   3.0186381e-01   5.9903039e-01   2.7101584e+01  -6.4158806e-01  -1.8433271e+00  -1.0000000e+00   1.0000000e+00             Inf
   9.0172605e-02   1.1993798e-01   3.0023430e-01   1.2276880e+00   2.6656292e+01  -5.7444559e-01  -3.8166401e+00  -1.0000000e+00   1.0000000e+00             Inf
   9.0506127e-02   1.1993402e-01   3.0000000e-01   1.2075002e+00   2.6630856e+01  -5.7750945e-01  -3.7534731e+00  -1.0000000e+00   1.0000000e+00             Inf
   9.0536328e-02   1.1993408e-01   3.0000000e-01   1.2072425e+00   2.6630542e+01  -5.7754819e-01  -3.7526819e+00  -1.0000000e+00   1.0000000e+00             Inf
   9.0132467e-02   1.1993825e-01   3.0016353e-01   1.1968434e+00   2.6639797e+01  -5.7915757e-01  -3.7196664e+00  -1.0000000e+00   1.0000000e+00             Inf
   9.0410958e-02   1.1993406e-01   3.0000000e-01   1.2067983e+00   2.6630811e+01  -5.7761671e-01  -3.7512087e+00  -1.0000000e+00   1.0000000e+00             Inf
   8.8430813e-02   1.2000000e-01   3.0000000e-01   1.1617726e+00   2.6545428e+01  -5.8421927e-01  -3.6089620e+00  -1.0000000e+00   1.0000000e+00             Inf
   8.8401850e-02   1.2000000e-01   3.0000000e-01   1.1615933e+00   2.6553049e+01  -5.8427092e-01  -3.6083362e+00  -1.0000000e+00   1.0000000e+00             Inf
   9.1344918e-02   1.1993710e-01   3.0000000e-01   1.2068676e+00   2.6618206e+01  -5.7756582e-01  -3.7520499e+00  -1.0000000e+00   1.0000000e+00             Inf
   5.7722769e-02   1.1998702e-01   3.0170317e-01   6.2942013e-01   2.7183170e+01  -6.3871572e-01  -1.9365850e+00  -1.0000000e+00   1.0000000e+00             Inf
   8.8472061e-02   1.1993713e-01   3.0000000e-01   1.2198975e+00   2.6561568e+01  -5.7531857e-01  -3.7916835e+00  -1.0000000e+00   1.0000000e+00             Inf
   9.0491499e-02   1.1999972e-01   3.0002803e-01   1.1672679e+00   2.6548712e+01  -5.8342559e-01  -3.6273651e+00  -1.0000000e+00   1.0000000e+00             Inf
   9.0242085e-02   1.1993551e-01   3.0000088e-01   1.2165297e+00   2.6617413e+01  -5.7606918e-01  -3.7818115e+00  -1.0000000e+00   1.0000000e+00             Inf
   5.0010493e-02   1.1984961e-01   3.1909750e-01   1.4782341e+00   2.3416983e+01  -5.0565469e-01  -4.5853023e+00  -1.0000000e+00   1.0000000e+00             Inf
   5.0000033e-02   1.1998883e-01   3.1165310e-01   1.3846035e+00   2.3472205e+01  -5.2484687e-01  -4.2934867e+00  -1.0000000e+00   1.0000000e+00             Inf
   5.0010460e-02   1.1984924e-01   3.1899828e-01   1.4802241e+00   2.3416544e+01  -5.0529034e-01  -4.5915174e+00  -1.0000000e+00   1.0000000e+00             Inf
   5.0000000e-02   1.1998848e-01   3.1156266e-01   1.3863990e+00   2.3473793e+01  -5.2453937e-01  -4.2990864e+00  -1.0000000e+00   1.0000000e+00             Inf
   5.7761236e-02   1.1999806e-01   3.0012477e-01   9.6761746e-01   2.4612517e+01  -6.0016450e-01  -2.9966943e+00  -1.0000000e+00   1.0000000e+00             Inf
   9.0232583e-02   1.1993922e-01   3.0000086e-01   1.2164021e+00   2.6617005e+01  -5.7609617e-01  -3.7814041e+00  -1.0000000e+00   1.0000000e+00             Inf
   8.8440315e-02   1.1999630e-01   3.0000001e-01   1.1619002e+00   2.6545836e+01  -5.8419372e-01  -3.6093682e+00  -1.0000000e+00   1.0000000e+00             Inf
   8.8851911e-02   1.2000000e-01   3.0040265e-01   1.1432743e+00   2.6658388e+01  -5.8724476e-01  -3.5503827e+00  -1.0000000e+00   1.0000000e+00             Inf
   8.8795880e-02   1.1993563e-01   3.0000000e-01   1.2338622e+00   2.6613180e+01  -5.7331631e-01  -3.8354987e+00  -1.0000000e+00   1.0000000e+00             Inf
