   1.0000000e-01   1.2000000e-01   3.0000000e-01   8.8066029e-01   2.7960969e+01  -6.2183468e-01  -2.7235197e+00  -1.0000000e+00   1.0000000e+00             Inf
   1.0000000e-01   1.2000000e-01   3.0000000e-01   7.0745113e-01   2.8000000e+01  -6.3823273e-01  -2.1829551e+00  -1.0000000e+00   1.0000000e+00             Inf
   9.9241198e-02   1.1998283e-01   3.0000000e-01   7.0506963e-01   2.7999268e+01  -6.3847786e-01  -2.1754177e+00  -1.0000000e+00   1.0000000e+00             Inf
   9.8558664e-02   1.1998298e-01   3.0000000e-01   6.8170814e-01   2.7989380e+01  -6.4046936e-01  -2.1026569e+00  -1.0000000e+00   1.0000000e+00             Inf
   9.9826064e-02   1.2000000e-01   3.0000011e-01   8.7825050e-01   2.7946636e+01  -6.2207418e-01  -2.7160141e+00  -1.0000000e+00   1.0000000e+00             Inf
   5.0000000e-02   1.1999947e-01   3.7239770e-01   1.4467606e+00   2.3297142e+01  -5.0274955e-01  -4.4844568e+00  -1.0000000e+00   1.0000000e+00             Inf
   9.8550436e-02   1.1998253e-01   3.0000000e-01   6.7122253e-01   2.8000000e+01  -6.4134752e-01  -2.0700009e+00  -1.0000000e+00   1.0000000e+00             Inf
   9.9887229e-02   1.2000000e-01   3.0009399e-01   8.8906132e-01   2.7959763e+01  -6.2094827e-01  -2.7497575e+00  -1.0000000e+00   1.0000000e+00             Inf
   9.8548685e-02   1.1998251e-01   3.0000000e-01   6.7039536e-01   2.7999051e+01  -6.4141327e-01  -2.0674323e+00  -1.0000000e+00   1.0000000e+00             Inf
   9.8410741e-02   1.1998942e-01   3.1253400e-01   7.6811562e-01   2.7889259e+01  -6.3172647e-01  -2.3723176e+00  -1.0000000e+00   1.0000000e+00             Inf
   9.8984454e-02   1.1997691e-01   3.0000000e-01   7.0929924e-01   2.8000000e+01  -6.3813287e-01  -2.1885362e+00  -1.0000000e+00   1.0000000e+00             Inf
   7.5260849e-02   1.1999894e-01   3.0073185e-01   1.0575106e+00   2.7195070e+01  -5.9734665e-01  -3.2700559e+00  -1.0000000e+00   1.0000000e+00             Inf
   1.0000000e-01   1.1999902e-01   3.0000288e-01   8.7207422e-01   2.7960557e+01  -6.2272448e-01  -2.6966838e+00  -1.0000000e+00   1.0000000e+00             Inf
   9.8556566e-02   1.1998297e-01   3.0000159e-01   6.8128703e-01   2.7989531e+01  -6.4050438e-01  -2.1013461e+00  -1.0000000e+00   1.0000000e+00             Inf
   9.7843467e-02   1.1999979e-01   3.1181069e-01   8.1761220e-01   2.7968001e+01  -6.2723949e-01  -2.5261209e+00  -1.0000000e+00   1.0000000e+00             Inf
   9.8316546e-02   1.1997540e-01   3.1377518e-01   7.8719728e-01   2.8000000e+01  -6.2998764e-01  -2.4312570e+00  -1.0000000e+00   1.0000000e+00             Inf
   7.5642497e-02   1.1999877e-01   3.0055998e-01   1.0765558e+00   2.7229467e+01  -5.9492535e-01  -3.3294510e+00  -1.0000000e+00   1.0000000e+00             Inf
   9.9264380e-02   1.1998284e-01   3.0000000e-01   7.0556673e-01   2.7999259e+01  -6.3843377e-01  -2.1769690e+00  -1.0000000e+00   1.0000000e+00             Inf
   9.8831248e-02   1.1998340e-01   3.0000000e-01   7.2376362e-01   2.7999426e+01  -6.3690940e-01  -2.2335411e+00  -1.0000000e+00   1.0000000e+00             Inf
   9.8828391e-02   1.1998341e-01   3.0000009e-01   7.2376786e-01   2.7999405e+01  -6.3690922e-01  -2.2335538e+00  -1.0000000e+00   1.0000000e+00             Inf
   9.9811197e-02   1.2000000e-01   3.0000011e-01   8.8165119e-01   2.7946419e+01  -6.2171968e-01  -2.7266414e+00  -1.0000000e+00   1.0000000e+00             Inf
   9.9141065e-02   1.1998243e-01   3.0015746e-01   7.4545354e-01   2.8000000e+01  -6.3496695e-01  -2.3011556e+00  -1.0000000e+00   1.0000000e+00             Inf
   9.8890243e-02   1.1998313e-01   3.0000076e-01   7.2254686e-01   2.7998636e+01  -6.3700860e-01  -2.2297670e+00  -1.0000000e+00   1.0000000e+00             Inf
   9.8827247e-02   1.1998342e-01   3.0000007e-01   7.2395396e-01   2.7999903e+01  -6.3689401e-01  -2.2341309e+00  -1.0000000e+00   1.0000000e+00             Inf
   9.8555996e-02   1.1998296e-01   3.0000157e-01   6.8129378e-01   2.7989327e+01  -6.4050349e-01  -2.1013678e+00  -1.0000000e+00   1.0000000e+00             Inf
   9.8549286e-02   1.1998249e-01   3.0000000e-01   6.7042306e-01   2.7998818e+01  -6.4141052e-01  -2.0675194e+00  -1.0000000e+00   1.0000000e+00             Inf
   8.4330560e-02   1.1999742e-01   3.0074277e-01   1.3517922e+00   2.3541653e+01  -5.3283958e-01  -4.2065262e+00  -1.0000000e+00   1.0000000e+00             Inf
   9.9004813e-02   1.1997720e-01   3.0000000e-01   7.0944526e-01   2.8000000e+01  -6.3811920e-01  -2.1889943e+00  -1.0000000e+00   1.0000000e+00             Inf
   9.8538688e-02   1.1998253e-01   3.0000000e-01   6.7010747e-01   2.7998759e+01  -6.4143700e-01  -2.0665367e+00  -1.0000000e+00   1.0000000e+00             Inf
   9.9750839e-02   1.1997906e-01   3.0000051e-01   7.1373652e-01   2.8000000e+01  -6.3769175e-01  -2.2024840e+00  -1.0000000e+00   1.0000000e+00             Inf
   9.8774259e-02   1.1998219e-01   3.0005571e-01   6.9286226e-01   2.8000000e+01  -6.3953941e-01  -2.1373479e+00  -1.0000000e+00   1.0000000e+00             Inf
   9.7718623e-02   1.1998303e-01   3.0000000e-01   6.5932028e-01   2.8000000e+01  -6.4237554e-01  -2.0328738e+00  -1.0000000e+00   1.0000000e+00             Inf
   7.3748102e-02   1.1999859e-01   3.0071083e-01   1.0920044e+00   2.7227751e+01  -5.9227453e-01  -3.3765771e+00  -1.0000000e+00   1.0000000e+00             Inf
   7.3925178e-02   1.2000000e-01   3.0053504e-01   1.1750025e+00   2.7303234e+01  -5.8053751e-01  -3.6354475e+00  -1.0000000e+00   1.0000000e+00             Inf
   9.9137390e-02   1.1998243e-01   3.0016621e-01   7.4478097e-01   2.8000000e+01  -6.3502633e-01  -2.2990597e+00  -1.0000000e+00   1.0000000e+00             Inf
   9.8874932e-02   1.1998294e-01   3.0002187e-01   7.2254225e-01   2.7999645e+01  -6.3700986e-01  -2.2297456e+00  -1.0000000e+00   1.0000000e+00             Inf
   9.8556364e-02   1.1998253e-01   3.0000008e-01   6.7299812e-01   2.7999995e+01  -6.4120226e-01  -2.0755234e+00  -1.0000000e+00   1.0000000e+00             Inf
   8.3971010e-02   1.1999727e-01   3.0076074e-01   1.3760486e+00   2.3522785e+01  -5.2843873e-01  -4.2821343e+00  -1.0000000e+00   1.0000000e+00             Inf
   9.8883208e-02   1.1998321e-01   3.0003107e-01   7.0349529e-01   2.7972949e+01  -6.3859253e-01  -2.1705699e+00  -1.0000000e+00   1.0000000e+00             Inf
   9.7362310e-02   1.1998239e-01   3.0019355e-01   7.4241875e-01   2.8000000e+01  -6.3534544e-01  -2.2913433e+00  -1.0000000e+00   1.0000000e+00             Inf
   9.9972948e-02   1.1999877e-01   3.0000004e-01   8.8024505e-01   2.7961043e+01  -6.2187771e-01  -2.7222133e+00  -1.0000000e+00   1.0000000e+00             Inf
   9.8973321e-02   1.1997817e-01   3.0000103e-01   7.0999330e-01   2.7999926e+01  -6.3807613e-01  -2.1906949e+00  -1.0000000e+00   1.0000000e+00             Inf
   9.8782360e-02   1.1998331e-01   3.0000077e-01   7.2545694e-01   2.7998560e+01  -6.3676439e-01  -2.2388084e+00  -1.0000000e+00   1.0000000e+00             Inf
   1.0000000e-01   1.1999982e-01   3.0000000e-01   8.7775021e-01   2.7961045e+01  -6.2213797e-01  -2.7144224e+00  -1.0000000e+00   1.0000000e+00             Inf
   9.3941900e-02   1.2000000e-01   3.0000000e-01   1.1526952e+00   2.7344451e+01  -5.8723922e-01  -3.5776673e+00  -1.0000000e+00   1.0000000e+00             Inf
   9.8426120e-02   1.1998936e-01   3.1239390e-01   7.7100939e-01   2.7889319e+01  -6.3146986e-01  -2.3813394e+00  -1.0000000e+00   1.0000000e+00             Inf
   9.8979846e-02   1.1997836e-01   3.0000107e-01   7.1280821e-01   2.8000000e+01  -6.3783555e-01  -2.1994582e+00  -1.0000000e+00   1.0000000e+00             Inf
   9.9948418e-02   1.1999982e-01   3.0000001e-01   7.0769131e-01   2.8000000e+01  -6.3821699e-01  -2.1836941e+00  -1.0000000e+00   1.0000000e+00             Inf
   9.9005707e-02   1.1997703e-01   3.0000111e-01   7.1028106e-01   2.8000000e+01  -6.3804755e-01  -2.1915962e+00  -1.0000000e+00   1.0000000e+00             Inf
   9.9136496e-02   1.1998260e-01   3.0016510e-01   7.4394517e-01   2.8000000e+01  -6.3510102e-01  -2.2964556e+00  -1.0000000e+00   1.0000000e+00             Inf
