   8.4923265e-02   1.2000000e-01   3.0000000e-01   9.8684836e-01   2.6686005e+01  -6.0773909e-01  -3.0577092e+00  -1.0000000e+00   1.0000000e+00             Inf
   8.4795410e-02   1.1999367e-01   3.0000000e-01   9.9069777e-01   2.6721884e+01  -6.0733344e-01  -3.0694920e+00  -1.0000000e+00   1.0000000e+00             Inf
   8.4908893e-02   1.2000000e-01   3.0000000e-01   9.9285478e-01   2.6707099e+01  -6.0705503e-01  -3.0763723e+00  -1.0000000e+00   1.0000000e+00             Inf
   9.5168502e-02   9.2718690e-02   3.0000000e-01   1.5000000e+00   2.7228930e+01  -4.4641845e-01  -4.7210296e+00  -1.0000000e+00   1.0000000e+00             Inf
   8.5735142e-02   1.2000000e-01   3.0000000e-01   9.4633187e-01   2.6700819e+01  -6.1261814e-01  -2.9312421e+00  -1.0000000e+00   1.0000000e+00             Inf
   8.6350298e-02   1.2000000e-01   3.0000000e-01   1.4865856e+00   2.7205574e+01  -5.3142590e-01  -4.6269492e+00  -1.0000000e+00   1.0000000e+00             Inf
   8.4789730e-02   8.9186555e-02   3.0904008e-01   1.5000000e+00   2.7162889e+01  -4.3495566e-01  -4.7285617e+00  -1.0000000e+00   1.0000000e+00             Inf
   8.4896612e-02   1.2000000e-01   3.0000000e-01   1.0191004e+00   2.6679475e+01  -6.0372499e-01  -3.1586589e+00  -1.0000000e+00   1.0000000e+00             Inf
   8.5767980e-02   1.2000000e-01   3.0000000e-01   9.4988308e-01   2.6700424e+01  -6.1220737e-01  -2.9423606e+00  -1.0000000e+00   1.0000000e+00             Inf
   8.4461046e-02   1.2000000e-01   3.0000000e-01   1.0273213e+00   2.6691778e+01  -6.0267972e-01  -3.1841168e+00  -1.0000000e+00   1.0000000e+00             Inf
   8.5769028e-02   1.2000000e-01   3.0000000e-01   9.5189082e-01   2.6700467e+01  -6.1197427e-01  -2.9486388e+00  -1.0000000e+00   1.0000000e+00             Inf
   8.4946639e-02   1.2000000e-01   3.0000000e-01   9.9802426e-01   2.6689325e+01  -6.0638081e-01  -3.0926651e+00  -1.0000000e+00   1.0000000e+00             Inf
   8.4440329e-02   1.2000000e-01   3.0000000e-01   1.0004860e+00   2.6694190e+01  -6.0605456e-01  -3.1001164e+00  -1.0000000e+00   1.0000000e+00             Inf
   8.4407265e-02   1.2000000e-01   3.0000000e-01   9.9899693e-01   2.6694255e+01  -6.0623631e-01  -3.0954429e+00  -1.0000000e+00   1.0000000e+00             Inf
   8.5764362e-02   1.2000000e-01   3.0000000e-01   9.4646915e-01   2.6701606e+01  -6.1260536e-01  -2.9316783e+00  -1.0000000e+00   1.0000000e+00             Inf
   8.5488343e-02   1.2000000e-01   3.0000000e-01   9.5991662e-01   2.6701099e+01  -6.1102485e-01  -2.9736223e+00  -1.0000000e+00   1.0000000e+00             Inf
   8.5492720e-02   1.2000000e-01   3.0000000e-01   9.5999345e-01   2.6701099e+01  -6.1101603e-01  -2.9738643e+00  -1.0000000e+00   1.0000000e+00             Inf
   8.6786308e-02   1.2000000e-01   3.0000064e-01   1.4777824e+00   2.7220621e+01  -5.3312984e-01  -4.5992768e+00  -1.0000000e+00   1.0000000e+00             Inf
   8.4436574e-02   1.1998053e-01   3.0000000e-01   1.0295736e+00   2.6699257e+01  -6.0236899e-01  -3.1911180e+00  -1.0000000e+00   1.0000000e+00             Inf
   8.4784505e-02   8.9384914e-02   3.0846485e-01   1.5000000e+00   2.7165388e+01  -4.3563856e-01  -4.7281266e+00  -1.0000000e+00   1.0000000e+00             Inf
   5.8758769e-02   8.3322775e-02   3.0014167e-01   1.5000000e+00   2.7184619e+01  -4.2375348e-01  -4.7426962e+00  -1.0000000e+00   1.0000000e+00             Inf
   8.6898523e-02   1.2000000e-01   3.0000064e-01   1.4415540e+00   2.7216209e+01  -5.3970384e-01  -4.4847237e+00  -1.0000000e+00   1.0000000e+00             Inf
   8.4796035e-02   8.9785971e-02   3.0853542e-01   1.5000000e+00   2.7180984e+01  -4.3690601e-01  -4.7271819e+00  -1.0000000e+00   1.0000000e+00             Inf
   6.0083246e-02   8.2935056e-02   3.0043288e-01   1.5000000e+00   2.7194391e+01  -4.2250831e-01  -4.7438748e+00  -1.0000000e+00   1.0000000e+00             Inf
   8.4789624e-02   8.9184669e-02   3.0903873e-01   1.5000000e+00   2.7161338e+01  -4.3494236e-01  -4.7285706e+00  -1.0000000e+00   1.0000000e+00             Inf
   8.4611190e-02   1.1997779e-01   3.0000000e-01   1.0240978e+00   2.6686038e+01  -6.0304401e-01  -3.1741393e+00  -1.0000000e+00   1.0000000e+00             Inf
   8.4768739e-02   8.8746521e-02   3.0915726e-01   1.5000000e+00   2.7193051e+01  -4.3378270e-01  -4.7294512e+00  -1.0000000e+00   1.0000000e+00             Inf
   8.3931894e-02   8.9632200e-02   3.0858646e-01   1.5000000e+00   2.7198812e+01  -4.3662084e-01  -4.7274782e+00  -1.0000000e+00   1.0000000e+00             Inf
   8.3421347e-02   1.1905108e-01   3.0000000e-01   1.0704562e+00   2.6677338e+01  -5.9492572e-01  -3.3191713e+00  -1.0000000e+00   1.0000000e+00             Inf
   8.5747967e-02   1.2000000e-01   3.0000000e-01   9.4878141e-01   2.6700453e+01  -6.1233436e-01  -2.9389080e+00  -1.0000000e+00   1.0000000e+00             Inf
   8.4365861e-02   1.2000000e-01   3.0000000e-01   9.9643744e-01   2.6695283e+01  -6.0655116e-01  -3.0874118e+00  -1.0000000e+00   1.0000000e+00             Inf
   9.5182894e-02   9.2039909e-02   3.0000000e-01   1.5000000e+00   2.7228128e+01  -4.4429936e-01  -4.7223361e+00  -1.0000000e+00   1.0000000e+00             Inf
   8.4521299e-02   8.9720882e-02   3.0850324e-01   1.5000000e+00   2.7180960e+01  -4.3674462e-01  -4.7273314e+00  -1.0000000e+00   1.0000000e+00             Inf
   9.5293094e-02   9.2805992e-02   3.0003217e-01   1.5000000e+00   2.7234694e+01  -4.4670491e-01  -4.7208381e+00  -1.0000000e+00   1.0000000e+00             Inf
   8.5776520e-02   1.2000000e-01   3.0000000e-01   9.5172757e-01   2.6700425e+01  -6.1199347e-01  -2.9481315e+00  -1.0000000e+00   1.0000000e+00             Inf
   1.0000000e-01   1.2000000e-01   3.0000000e-01   1.0391743e+00   2.6734402e+01  -6.0067797e-01  -3.2277163e+00  -1.0000000e+00   1.0000000e+00             Inf
   8.4654789e-02   1.1997701e-01   3.0000000e-01   1.0242842e+00   2.6686068e+01  -6.0302199e-01  -3.1747433e+00  -1.0000000e+00   1.0000000e+00             Inf
   8.5568655e-02   1.1980287e-01   3.0053358e-01   9.8059155e-01   2.6689898e+01  -6.0811491e-01  -3.0384518e+00  -1.0000000e+00   1.0000000e+00             Inf
   8.5223796e-02   1.2000000e-01   3.0000000e-01   1.0156254e+00   2.6682344e+01  -6.0419067e-01  -3.1479132e+00  -1.0000000e+00   1.0000000e+00             Inf
   8.4674153e-02   8.8678611e-02   3.0926641e-01   1.5000000e+00   2.7192939e+01  -4.3357655e-01  -4.7296046e+00  -1.0000000e+00   1.0000000e+00             Inf
   8.5963832e-02   1.2000000e-01   3.0000000e-01   9.6300420e-01   2.6674054e+01  -6.1061589e-01  -2.9836162e+00  -1.0000000e+00   1.0000000e+00             Inf
   8.4795007e-02   8.9792070e-02   3.0853501e-01   1.5000000e+00   2.7181333e+01  -4.3692618e-01  -4.7271673e+00  -1.0000000e+00   1.0000000e+00             Inf
   8.4785533e-02   8.9378816e-02   3.0846525e-01   1.5000000e+00   2.7165038e+01  -4.3561839e-01  -4.7281413e+00  -1.0000000e+00   1.0000000e+00             Inf
   8.5341941e-02   1.2000000e-01   3.0000000e-01   1.4784408e+00   2.7220945e+01  -5.3286835e-01  -4.6003030e+00  -1.0000000e+00   1.0000000e+00             Inf
   5.8784197e-02   8.2989972e-02   3.0014225e-01   1.5000000e+00   2.7189320e+01  -4.2291794e-01  -4.7436222e+00  -1.0000000e+00   1.0000000e+00             Inf
   8.4435619e-02   1.2000000e-01   3.0000000e-01   1.0265945e+00   2.6687076e+01  -6.0275944e-01  -3.1818581e+00  -1.0000000e+00   1.0000000e+00             Inf
   8.5749069e-02   1.2000000e-01   3.0000000e-01   9.4728971e-01   2.6701012e+01  -6.1250845e-01  -2.9342413e+00  -1.0000000e+00   1.0000000e+00             Inf
   8.4656979e-02   1.1969174e-01   3.0000000e-01   1.0469924e+00   2.6707282e+01  -5.9956887e-01  -3.2458289e+00  -1.0000000e+00   1.0000000e+00             Inf
   8.4716281e-02   1.1999316e-01   3.0000000e-01   9.9117537e-01   2.6719496e+01  -6.0726335e-01  -3.0709657e+00  -1.0000000e+00   1.0000000e+00             Inf
   8.6042961e-02   1.2000000e-01   3.0000000e-01   9.6252660e-01   2.6676442e+01  -6.1068111e-01  -2.9821406e+00  -1.0000000e+00   1.0000000e+00             Inf
