   5.0001474e-02   8.0000000e-02   6.6538598e-01   1.5000000e+00   2.7487204e+01  -3.8921472e-01  -4.7586567e+00  -1.0000000e+00   1.0000000e+00             Inf
   5.0000000e-02   9.4612642e-02   6.4120587e-01   1.5000000e+00   2.7542332e+01  -4.2341705e-01  -4.7174367e+00  -1.0000000e+00   1.0000000e+00             Inf
   5.0006929e-02   8.0000000e-02   6.5594716e-01   1.5000000e+00   2.7680497e+01  -3.9146884e-01  -4.7581262e+00  -1.0000000e+00   1.0000000e+00             Inf
   5.0001654e-02   8.0000000e-02   7.1387957e-01   1.5000000e+00   2.7472755e+01  -3.8496083e-01  -4.7596084e+00  -1.0000000e+00   1.0000000e+00             Inf
   5.0001476e-02   8.0000000e-02   6.6532308e-01   1.5000000e+00   2.7487100e+01  -3.8921924e-01  -4.7586555e+00  -1.0000000e+00   1.0000000e+00             Inf
   5.0000000e-02   9.4081258e-02   6.2314684e-01   1.5000000e+00   2.7337097e+01  -4.2265914e-01  -4.7186740e+00  -1.0000000e+00   1.0000000e+00             Inf
   5.0163327e-02   8.0000000e-02   6.7261071e-01   1.5000000e+00   2.7430394e+01  -3.8805499e-01  -4.7588366e+00  -1.0000000e+00   1.0000000e+00             Inf
   9.5307956e-02   1.2000000e-01   3.0397325e-01   1.1415562e+00   2.6422091e+01  -5.8579247e-01  -3.5495027e+00  -1.0000000e+00   1.0000000e+00             Inf
   5.0007167e-02   8.0000000e-02   6.5604358e-01   1.5000000e+00   2.7683182e+01  -3.9148055e-01  -4.7581233e+00  -1.0000000e+00   1.0000000e+00             Inf
   5.0001237e-02   8.0000000e-02   6.6528956e-01   1.5000000e+00   2.7484520e+01  -3.8920215e-01  -4.7586581e+00  -1.0000000e+00   1.0000000e+00             Inf
   5.0517996e-02   8.8227635e-02   7.0926633e-01   1.4998244e+00   2.7714338e+01  -4.0399995e-01  -4.7366502e+00  -1.0000000e+00   1.0000000e+00             Inf
   6.0468496e-02   1.1992458e-01   3.0011255e-01   5.3597031e-01   2.5225769e+01  -6.4409994e-01  -1.6546825e+00  -1.0000000e+00   1.0000000e+00             Inf
   5.0000000e-02   8.0000000e-02   6.5136636e-01   1.5000000e+00   2.7681749e+01  -3.9186186e-01  -4.7580129e+00  -1.0000000e+00   1.0000000e+00             Inf
   5.0777353e-02   9.2324762e-02   6.3358058e-01   1.5000000e+00   2.7470329e+01  -4.1818486e-01  -4.7237716e+00  -1.0000000e+00   1.0000000e+00             Inf
   9.6222080e-02   1.2000000e-01   3.0000000e-01   1.1331663e+00   2.6429284e+01  -5.8738129e-01  -3.5234969e+00  -1.0000000e+00   1.0000000e+00             Inf
   5.0034960e-02   8.0039879e-02   6.5025140e-01   1.5000000e+00   2.7418420e+01  -3.9002424e-01  -4.7583035e+00  -1.0000000e+00   1.0000000e+00             Inf
   5.0000075e-02   9.4572762e-02   6.4122660e-01   1.5000000e+00   2.7544608e+01  -4.2333850e-01  -4.7175449e+00  -1.0000000e+00   1.0000000e+00             Inf
   9.8048856e-02   1.2000000e-01   3.3538976e-01   1.2851157e+00   2.6172813e+01  -5.5789866e-01  -4.0038186e+00  -1.0000000e+00   1.0000000e+00             Inf
   5.0308875e-02   9.2711277e-02   6.1700803e-01   1.5000000e+00   2.7466960e+01  -4.2079775e-01  -4.7220783e+00  -1.0000000e+00   1.0000000e+00             Inf
   7.2164309e-02   1.1811237e-01   3.0000000e-01   6.8541612e-01   2.5516182e+01  -6.3214692e-01  -2.1192708e+00  -1.0000000e+00   1.0000000e+00             Inf
   9.8869156e-02   1.2000000e-01   3.3294080e-01   1.2918157e+00   2.6159411e+01  -5.5690245e-01  -4.0254423e+00  -1.0000000e+00   1.0000000e+00             Inf
   6.0930413e-02   1.1992459e-01   3.0010785e-01   5.4706312e-01   2.5229438e+01  -6.4337058e-01  -1.6890962e+00  -1.0000000e+00   1.0000000e+00             Inf
   5.2636461e-02   1.1999628e-01   3.0125224e-01   5.7813857e-01   2.5316095e+01  -6.3982320e-01  -1.7841690e+00  -1.0000000e+00   1.0000000e+00             Inf
   5.0001225e-02   8.0000000e-02   6.6523323e-01   1.5000000e+00   2.7480769e+01  -3.8917773e-01  -4.7586617e+00  -1.0000000e+00   1.0000000e+00             Inf
   5.0000012e-02   9.4767518e-02   6.2320317e-01   1.5000000e+00   2.7340847e+01  -4.2425603e-01  -4.7167290e+00  -1.0000000e+00   1.0000000e+00             Inf
   5.0001473e-02   8.0000000e-02   6.6798989e-01   1.5000000e+00   2.7487456e+01  -3.8899623e-01  -4.7587122e+00  -1.0000000e+00   1.0000000e+00             Inf
   5.0001656e-02   8.0000000e-02   7.1127567e-01   1.5000000e+00   2.7472502e+01  -3.8518281e-01  -4.7595641e+00  -1.0000000e+00   1.0000000e+00             Inf
   5.0000000e-02   8.1098668e-02   6.4045943e-01   1.5000000e+00   2.7470091e+01  -3.9347715e-01  -4.7551964e+00  -1.0000000e+00   1.0000000e+00             Inf
   5.0000000e-02   8.0021488e-02   7.1169481e-01   1.5000000e+00   2.7492465e+01  -3.8535345e-01  -4.7595028e+00  -1.0000000e+00   1.0000000e+00             Inf
   9.8038920e-02   1.2000000e-01   3.3492731e-01   1.2838277e+00   2.6172405e+01  -5.5817487e-01  -3.9997659e+00  -1.0000000e+00   1.0000000e+00             Inf
   5.0131610e-02   8.0001511e-02   6.6494710e-01   1.5000000e+00   2.7694497e+01  -3.9075363e-01  -4.7582872e+00  -1.0000000e+00   1.0000000e+00             Inf
   5.2075617e-02   1.1999998e-01   3.0089157e-01   5.7880975e-01   2.5320273e+01  -6.3968471e-01  -1.7861545e+00  -1.0000000e+00   1.0000000e+00             Inf
   9.7020489e-02   1.1873677e-01   3.1054610e-01   1.0682435e+00   2.6744296e+01  -5.9365447e-01  -3.3186447e+00  -1.0000000e+00   1.0000000e+00             Inf
   5.0000000e-02   8.0445183e-02   6.5189913e-01   1.5000000e+00   2.7678315e+01  -3.9270622e-01  -4.7568543e+00  -1.0000000e+00   1.0000000e+00             Inf
   6.0468809e-02   1.1992458e-01   3.0011253e-01   5.3609240e-01   2.5225804e+01  -6.4409140e-01  -1.6550608e+00  -1.0000000e+00   1.0000000e+00             Inf
   6.0930100e-02   1.1992459e-01   3.0010787e-01   5.4694102e-01   2.5229403e+01  -6.4337924e-01  -1.6887178e+00  -1.0000000e+00   1.0000000e+00             Inf
   5.0104691e-02   9.4805355e-02   6.3274684e-01   1.5000000e+00   2.7570061e+01  -4.2478320e-01  -4.7165000e+00  -1.0000000e+00   1.0000000e+00             Inf
   6.0549893e-02   1.2000000e-01   3.0037923e-01   5.1261194e-01   2.5299470e+01  -6.4601860e-01  -1.5821564e+00  -1.0000000e+00   1.0000000e+00             Inf
   5.0436599e-02   8.7791459e-02   7.0899965e-01   1.5000000e+00   2.7640637e+01  -4.0260121e-01  -4.7385267e+00  -1.0000000e+00   1.0000000e+00             Inf
   5.2160076e-02   1.2000000e-01   3.0000000e-01   5.8097234e-01   2.5256155e+01  -6.3947583e-01  -1.7930428e+00  -1.0000000e+00   1.0000000e+00             Inf
   5.0502984e-02   8.8177563e-02   7.0899907e-01   1.4998222e+00   2.7717186e+01  -4.0394603e-01  -4.7367696e+00  -1.0000000e+00   1.0000000e+00             Inf
   5.0792365e-02   9.2374834e-02   6.3384784e-01   1.5000000e+00   2.7467481e+01  -4.1824838e-01  -4.7236455e+00  -1.0000000e+00   1.0000000e+00             Inf
   9.9861533e-02   1.1956777e-01   3.3510638e-01   1.2970087e+00   2.6033467e+01  -5.5372016e-01  -4.0430367e+00  -1.0000000e+00   1.0000000e+00             Inf
   5.0510115e-02   8.7872598e-02   7.0820669e-01   1.4998261e+00   2.7707799e+01  -4.0330014e-01  -4.7376044e+00  -1.0000000e+00   1.0000000e+00             Inf
   5.0785234e-02   9.2679799e-02   6.3464022e-01   1.4999983e+00   2.7476868e+01  -4.1892754e-01  -4.7227899e+00  -1.0000000e+00   1.0000000e+00             Inf
   5.0000000e-02   8.0035772e-02   6.5099850e-01   1.5000000e+00   2.7676495e+01  -3.9192699e-01  -4.7579197e+00  -1.0000000e+00   1.0000000e+00             Inf
   5.0000000e-02   9.4869117e-02   6.3311732e-01   1.4799024e+00   2.7605438e+01  -4.2783369e-01  -4.6500944e+00  -1.0000000e+00   1.0000000e+00             Inf
   6.0948142e-02   1.1986082e-01   3.0000000e-01   5.5606793e-01   2.5190393e+01  -6.4254433e-01  -1.7170988e+00  -1.0000000e+00   1.0000000e+00             Inf
   5.0174700e-02   9.1626898e-02   6.7019526e-01   1.5000000e+00   2.7479690e+01  -4.1351584e-01  -4.7269869e+00  -1.0000000e+00   1.0000000e+00             Inf
   9.7623142e-02   1.1943464e-01   3.0000000e-01   1.0379708e+00   2.6734935e+01  -6.0012330e-01  -3.2233687e+00  -1.0000000e+00   1.0000000e+00             Inf
