   9.9996190e-02   8.8866130e-02   3.5123104e-01   1.5000000e+00   2.6516309e+01  -4.1923695e-01  -4.7255770e+00  -1.0000000e+00   1.0000000e+00             Inf
   8.9509578e-02   1.1999997e-01   3.0000000e-01   1.2187479e+00   2.6383344e+01  -5.7329278e-01  -3.7881985e+00  -1.0000000e+00   1.0000000e+00             Inf
   8.8440453e-02   1.2000000e-01   3.0000000e-01   1.1989512e+00   2.6378456e+01  -5.7635789e-01  -3.7253703e+00  -1.0000000e+00   1.0000000e+00             Inf
   8.6595168e-02   1.2000000e-01   3.0000000e-01   1.2276855e+00   2.6424434e+01  -5.7195711e-01  -3.8144126e+00  -1.0000000e+00   1.0000000e+00             Inf
   8.8861814e-02   1.1999977e-01   3.0000000e-01   1.2316121e+00   2.6373750e+01  -5.7120808e-01  -3.8283581e+00  -1.0000000e+00   1.0000000e+00             Inf
   8.8951486e-02   1.1999977e-01   3.0000000e-01   1.2314734e+00   2.6373150e+01  -5.7122883e-01  -3.8279762e+00  -1.0000000e+00   1.0000000e+00             Inf
   8.8586083e-02   1.2000000e-01   3.0000014e-01   1.2133358e+00   2.6383900e+01  -5.7413826e-01  -3.7706561e+00  -1.0000000e+00   1.0000000e+00             Inf
   8.8611968e-02   1.2000000e-01   3.0000000e-01   1.2141636e+00   2.6383265e+01  -5.7400623e-01  -3.7732773e+00  -1.0000000e+00   1.0000000e+00             Inf
   8.8864051e-02   1.1999977e-01   3.0007364e-01   1.2288925e+00   2.6373293e+01  -5.7163065e-01  -3.8198051e+00  -1.0000000e+00   1.0000000e+00             Inf
   8.8797301e-02   1.2000000e-01   3.0017084e-01   1.2521427e+00   2.6390184e+01  -5.6794354e-01  -3.8928337e+00  -1.0000000e+00   1.0000000e+00             Inf
   8.8797724e-02   1.2000000e-01   3.0016049e-01   1.2523328e+00   2.6390258e+01  -5.6791426e-01  -3.8934319e+00  -1.0000000e+00   1.0000000e+00             Inf
   8.7424410e-02   1.1999998e-01   3.0000000e-01   1.2240735e+00   2.6381429e+01  -5.7240604e-01  -3.8037802e+00  -1.0000000e+00   1.0000000e+00             Inf
   8.7615032e-02   1.2000000e-01   3.0000000e-01   1.2248129e+00   2.6380712e+01  -5.7229201e-01  -3.8062192e+00  -1.0000000e+00   1.0000000e+00             Inf
   8.9461875e-02   1.1999995e-01   3.0000000e-01   1.2197855e+00   2.6382830e+01  -5.7312688e-01  -3.7914388e+00  -1.0000000e+00   1.0000000e+00             Inf
   8.7594797e-02   1.1999999e-01   3.0000411e-01   1.2243112e+00   2.6380795e+01  -5.7237080e-01  -3.8046292e+00  -1.0000000e+00   1.0000000e+00             Inf
   8.9563736e-02   1.1999997e-01   3.0000000e-01   1.2187949e+00   2.6383325e+01  -5.7328540e-01  -3.7883765e+00  -1.0000000e+00   1.0000000e+00             Inf
   5.0000000e-02   8.4244848e-02   4.2392668e-01   1.5000000e+00   2.4646196e+01  -3.9600808e-01  -4.7376376e+00  -1.0000000e+00   1.0000000e+00             Inf
   8.8842986e-02   1.2000000e-01   3.0000000e-01   1.2603490e+00   2.6398031e+01  -5.6665898e-01  -3.9186485e+00  -1.0000000e+00   1.0000000e+00             Inf
   8.8433807e-02   1.2000000e-01   3.0000000e-01   1.2007890e+00   2.6378046e+01  -5.7607135e-01  -3.7311476e+00  -1.0000000e+00   1.0000000e+00             Inf
   8.9620064e-02   1.2000000e-01   3.0000000e-01   1.2220999e+00   2.6383527e+01  -5.7276445e-01  -3.7988049e+00  -1.0000000e+00   1.0000000e+00             Inf
   8.9665384e-02   1.1999995e-01   3.0000000e-01   1.2199462e+00   2.6383726e+01  -5.7310545e-01  -3.7920530e+00  -1.0000000e+00   1.0000000e+00             Inf
   8.8799293e-02   1.2000000e-01   3.0016663e-01   1.2519506e+00   2.6390519e+01  -5.6797669e-01  -3.8922285e+00  -1.0000000e+00   1.0000000e+00             Inf
   8.8444546e-02   1.2000000e-01   3.0000000e-01   1.1987875e+00   2.6378211e+01  -5.7638234e-01  -3.7248595e+00  -1.0000000e+00   1.0000000e+00             Inf
   8.9244596e-02   1.2000000e-01   3.0000000e-01   1.2282685e+00   2.6382064e+01  -5.7177846e-01  -3.8180102e+00  -1.0000000e+00   1.0000000e+00             Inf
   8.9664133e-02   1.1999995e-01   3.0000000e-01   1.2199443e+00   2.6383721e+01  -5.7310573e-01  -3.7920462e+00  -1.0000000e+00   1.0000000e+00             Inf
   8.9468370e-02   1.1999995e-01   3.0000000e-01   1.2077424e+00   2.6390296e+01  -5.7504646e-01  -3.7535177e+00  -1.0000000e+00   1.0000000e+00             Inf
   8.7739239e-02   1.1999999e-01   3.0000000e-01   1.2128014e+00   2.6390370e+01  -5.7422830e-01  -3.7684629e+00  -1.0000000e+00   1.0000000e+00             Inf
   8.9463395e-02   1.1999995e-01   3.0000052e-01   1.2193164e+00   2.6383717e+01  -5.7320438e-01  -3.7899592e+00  -1.0000000e+00   1.0000000e+00             Inf
   8.8990395e-02   1.1999981e-01   3.0053845e-01   1.2563851e+00   2.6370771e+01  -5.6712854e-01  -3.9064006e+00  -1.0000000e+00   1.0000000e+00             Inf
   8.9133613e-02   1.1999980e-01   3.0269888e-01   1.2666860e+00   2.6371372e+01  -5.6516354e-01  -3.9388823e+00  -1.0000000e+00   1.0000000e+00             Inf
   8.9699357e-02   1.1999995e-01   3.0000000e-01   1.2207479e+00   2.6383678e+01  -5.7297867e-01  -3.7945945e+00  -1.0000000e+00   1.0000000e+00             Inf
   8.9098389e-02   1.1999980e-01   3.0272510e-01   1.2658823e+00   2.6371416e+01  -5.6529238e-01  -3.9363312e+00  -1.0000000e+00   1.0000000e+00             Inf
   8.9466081e-02   1.1999995e-01   3.0000052e-01   1.2188416e+00   2.6383698e+01  -5.7327920e-01  -3.7884671e+00  -1.0000000e+00   1.0000000e+00             Inf
   8.8886671e-02   1.1999977e-01   3.0000000e-01   1.2318901e+00   2.6373296e+01  -5.7116216e-01  -3.8292495e+00  -1.0000000e+00   1.0000000e+00             Inf
   8.9674501e-02   1.1999995e-01   3.0000000e-01   1.2204699e+00   2.6384131e+01  -5.7302441e-01  -3.7937034e+00  -1.0000000e+00   1.0000000e+00             Inf
   8.7436996e-02   1.2000000e-01   3.0000000e-01   1.2246216e+00   2.6380605e+01  -5.7231638e-01  -3.8055159e+00  -1.0000000e+00   1.0000000e+00             Inf
   7.7635942e-02   8.0000000e-02   4.6156928e-01   1.5000000e+00   2.4711380e+01  -3.6894719e-01  -4.7391528e+00  -1.0000000e+00   1.0000000e+00             Inf
   8.7738846e-02   1.1999999e-01   3.0000000e-01   1.2126753e+00   2.6390287e+01  -5.7424776e-01  -3.7680668e+00  -1.0000000e+00   1.0000000e+00             Inf
   8.9665778e-02   1.1999995e-01   3.0000000e-01   1.2200723e+00   2.6383809e+01  -5.7308589e-01  -3.7924493e+00  -1.0000000e+00   1.0000000e+00             Inf
   8.8796021e-02   1.2000000e-01   3.0000000e-01   1.2604612e+00   2.6397767e+01  -5.6663872e-01  -3.9189753e+00  -1.0000000e+00   1.0000000e+00             Inf
   8.8952503e-02   1.1999977e-01   3.0000000e-01   1.2305515e+00   2.6373232e+01  -5.7137629e-01  -3.8250756e+00  -1.0000000e+00   1.0000000e+00             Inf
   8.8798276e-02   1.2000000e-01   3.0016933e-01   1.2528726e+00   2.6390437e+01  -5.6782606e-01  -3.8951300e+00  -1.0000000e+00   1.0000000e+00             Inf
   8.8582823e-02   1.2000000e-01   3.0000015e-01   1.2133901e+00   2.6383904e+01  -5.7412971e-01  -3.7708248e+00  -1.0000000e+00   1.0000000e+00             Inf
   8.9469342e-02   1.1999995e-01   3.0000051e-01   1.2187874e+00   2.6383694e+01  -5.7328774e-01  -3.7882983e+00  -1.0000000e+00   1.0000000e+00             Inf
   8.9619488e-02   1.2000000e-01   3.0000000e-01   1.2220844e+00   2.6383504e+01  -5.7276681e-01  -3.7987559e+00  -1.0000000e+00   1.0000000e+00             Inf
   8.9666354e-02   1.1999995e-01   3.0000000e-01   1.2200878e+00   2.6383832e+01  -5.7308353e-01  -3.7924983e+00  -1.0000000e+00   1.0000000e+00             Inf
   8.8801812e-02   1.2000000e-01   3.0017447e-01   1.2522873e+00   2.6389389e+01  -5.6791644e-01  -3.8932957e+00  -1.0000000e+00   1.0000000e+00             Inf
   8.8987404e-02   1.1999979e-01   3.0053534e-01   1.2557714e+00   2.6372452e+01  -5.6723594e-01  -3.9044583e+00  -1.0000000e+00   1.0000000e+00             Inf
   9.9728929e-02   1.2000000e-01   4.3925082e-01   9.9418031e-01   2.7012597e+01  -5.8993766e-01  -3.0832272e+00  -1.0000000e+00   1.0000000e+00             Inf
   8.8434157e-02   1.2000000e-01   3.0000000e-01   1.2007948e+00   2.6378046e+01  -5.7607046e-01  -3.7311659e+00  -1.0000000e+00   1.0000000e+00             Inf
