   5.0000000e-02   8.0000000e-02   7.0417299e-01   1.5000000e+00   2.7269513e+01  -3.7542618e-01  -4.7485250e+00  -1.0000000e+00   1.0000000e+00             Inf
   9.8820233e-02   1.2000000e-01   3.5235328e-01   6.3013661e-01   2.7842908e+01  -6.3297367e-01  -1.9386355e+00  -1.0000000e+00   1.0000000e+00             Inf
   9.8346655e-02   1.2000000e-01   4.1088759e-01   1.2147325e+00   2.5317060e+01  -5.4136085e-01  -3.7715225e+00  -1.0000000e+00   1.0000000e+00             Inf
   5.2090922e-02   9.5053103e-02   4.1132724e-01   1.5000000e+00   2.7055198e+01  -4.3203400e-01  -4.7062736e+00  -1.0000000e+00   1.0000000e+00             Inf
   5.0094819e-02   8.1102977e-02   3.0602875e-01   1.5000000e+00   2.7417184e+01  -4.1080889e-01  -4.7440585e+00  -1.0000000e+00   1.0000000e+00             Inf
   7.6389790e-02   1.2000000e-01   3.0017971e-01   5.3736589e-01   2.7926927e+01  -6.4364136e-01  -1.6495281e+00  -1.0000000e+00   1.0000000e+00             Inf
   5.0000000e-02   8.0000000e-02   6.9003421e-01   1.5000000e+00   2.7269651e+01  -3.7662736e-01  -4.7485056e+00  -1.0000000e+00   1.0000000e+00             Inf
   5.2750741e-02   9.6591370e-02   4.0809427e-01   1.5000000e+00   2.7086600e+01  -4.3611884e-01  -4.7021482e+00  -1.0000000e+00   1.0000000e+00             Inf
   7.6277360e-02   1.2000000e-01   3.0000000e-01   5.5214765e-01   2.7941534e+01  -6.4240303e-01  -1.6950804e+00  -1.0000000e+00   1.0000000e+00             Inf
   5.3134143e-02   9.7017987e-02   4.0558097e-01   1.5000000e+00   2.7156745e+01  -4.3768992e-01  -4.7009306e+00  -1.0000000e+00   1.0000000e+00             Inf
   5.2883792e-02   9.8273411e-02   4.0418198e-01   1.5000000e+00   2.7120678e+01  -4.4083913e-01  -4.6975428e+00  -1.0000000e+00   1.0000000e+00             Inf
   9.8370091e-02   1.2000000e-01   4.0687036e-01   1.1809180e+00   2.5304591e+01  -5.4778809e-01  -3.6656717e+00  -1.0000000e+00   1.0000000e+00             Inf
   7.6520178e-02   1.2000000e-01   3.0000000e-01   5.3556016e-01   2.7926918e+01  -6.4383318e-01  -1.6439655e+00  -1.0000000e+00   1.0000000e+00             Inf
   9.8492690e-02   1.2000000e-01   3.9721608e-01   9.5054906e-01   2.7417296e+01  -5.9249882e-01  -2.9378832e+00  -1.0000000e+00   1.0000000e+00             Inf
   9.9964714e-02   1.2000000e-01   3.9753318e-01   9.5362571e-01   2.7426971e+01  -5.9206233e-01  -2.9478004e+00  -1.0000000e+00   1.0000000e+00             Inf
   5.0046243e-02   8.1573509e-02   3.0078039e-01   1.5000000e+00   2.7430519e+01  -4.1239645e-01  -4.7427812e+00  -1.0000000e+00   1.0000000e+00             Inf
   5.2528906e-02   9.8536136e-02   4.0548183e-01   1.5000000e+00   2.7156383e+01  -4.4163604e-01  -4.6966937e+00  -1.0000000e+00   1.0000000e+00             Inf
   9.8201959e-02   1.2000000e-01   4.1114138e-01   1.2193879e+00   2.5337342e+01  -5.4066016e-01  -3.7860746e+00  -1.0000000e+00   1.0000000e+00             Inf
   5.1897269e-02   9.9325555e-02   4.0281869e-01   1.5000000e+00   2.7071799e+01  -4.4359579e-01  -4.6945595e+00  -1.0000000e+00   1.0000000e+00             Inf
   9.8510818e-02   1.2000000e-01   3.9718870e-01   9.5291566e-01   2.7410211e+01  -5.9218002e-01  -2.9453170e+00  -1.0000000e+00   1.0000000e+00             Inf
   9.5309320e-02   1.2000000e-01   3.7223131e-01   7.6798282e-01   2.7778630e+01  -6.1752434e-01  -2.3666555e+00  -1.0000000e+00   1.0000000e+00             Inf
   5.3684125e-02   9.7736443e-02   4.0365747e-01   1.5000000e+00   2.7052711e+01  -4.3898228e-01  -4.6992956e+00  -1.0000000e+00   1.0000000e+00             Inf
   9.3198241e-02   1.2000000e-01   3.7234117e-01   7.6419956e-01   2.7776681e+01  -6.1779737e-01  -2.3545874e+00  -1.0000000e+00   1.0000000e+00             Inf
   9.8625219e-02   1.2000000e-01   3.9698847e-01   9.5003141e-01   2.7424000e+01  -5.9260840e-01  -2.9362669e+00  -1.0000000e+00   1.0000000e+00             Inf
   5.0000000e-02   8.0000000e-02   3.0306327e-01   1.5000000e+00   2.7409673e+01  -4.0853108e-01  -4.7470447e+00  -1.0000000e+00   1.0000000e+00             Inf
   9.6849822e-02   1.1999991e-01   3.7031975e-01   7.8059384e-01   2.7752728e+01  -6.1640071e-01  -2.4062066e+00  -1.0000000e+00   1.0000000e+00             Inf
   9.8419513e-02   1.2000000e-01   4.1251719e-01   1.2177636e+00   2.5345474e+01  -5.4075500e-01  -3.7809849e+00  -1.0000000e+00   1.0000000e+00             Inf
   9.8554747e-02   1.2000000e-01   3.2894346e-01   1.0342113e+00   2.7198063e+01  -5.8964360e-01  -3.2012611e+00  -1.0000000e+00   1.0000000e+00             Inf
   9.8814951e-02   1.2000000e-01   3.5211291e-01   6.1179055e-01   2.7828421e+01  -6.3456717e-01  -1.8818012e+00  -1.0000000e+00   1.0000000e+00             Inf
   5.2101125e-02   9.7093970e-02   4.0559643e-01   1.5000000e+00   2.7164750e+01  -4.3820222e-01  -4.7004660e+00  -1.0000000e+00   1.0000000e+00             Inf
   9.8889753e-02   1.2000000e-01   3.5263486e-01   6.3070818e-01   2.7845121e+01  -6.3289679e-01  -1.9404066e+00  -1.0000000e+00   1.0000000e+00             Inf
   9.3128720e-02   1.2000000e-01   3.7205959e-01   7.6362799e-01   2.7774468e+01  -6.1788250e-01  -2.3528099e+00  -1.0000000e+00   1.0000000e+00             Inf
   9.0073990e-02   1.2000000e-01   3.0000000e-01   1.1362692e+00   2.7266468e+01  -5.7831085e-01  -3.5182727e+00  -1.0000000e+00   1.0000000e+00             Inf
   9.8588876e-02   1.2000000e-01   3.9815818e-01   9.4399704e-01   2.7404287e+01  -5.9320957e-01  -2.9174928e+00  -1.0000000e+00   1.0000000e+00             Inf
   9.5645714e-02   1.2000000e-01   3.7257481e-01   7.6604888e-01   2.7764335e+01  -6.1768723e-01  -2.3607545e+00  -1.0000000e+00   1.0000000e+00             Inf
   9.8414771e-02   1.2000000e-01   3.2931528e-01   1.0395372e+00   2.7218625e+01  -5.8891404e-01  -3.2178157e+00  -1.0000000e+00   1.0000000e+00             Inf
   9.6996299e-02   1.2000000e-01   3.5796791e-01   7.9695845e-01   2.7756080e+01  -6.1601577e-01  -2.4571052e+00  -1.0000000e+00   1.0000000e+00             Inf
   5.1047904e-02   8.2264971e-02   3.0681435e-01   1.5000000e+00   2.7413748e+01  -4.1301208e-01  -4.7410195e+00  -1.0000000e+00   1.0000000e+00             Inf
   5.2123185e-02   9.6153086e-02   4.0463979e-01   1.5000000e+00   2.7165826e+01  -4.3597398e-01  -4.7030219e+00  -1.0000000e+00   1.0000000e+00             Inf
   9.2116232e-02   1.2000000e-01   3.7293657e-01   7.2306796e-01   2.7808115e+01  -6.2197197e-01  -2.2265726e+00  -1.0000000e+00   1.0000000e+00             Inf
   5.3094873e-02   9.4798669e-02   4.0976236e-01   1.5000000e+00   2.7029688e+01  -4.3109009e-01  -4.7071941e+00  -1.0000000e+00   1.0000000e+00             Inf
   5.2274605e-02   9.9429220e-02   3.9956153e-01   1.4949821e+00   2.7072910e+01  -4.4486141e-01  -4.6779956e+00  -1.0000000e+00   1.0000000e+00             Inf
   9.4107081e-02   1.2000000e-01   3.7253771e-01   7.6512808e-01   2.7783299e+01  -6.1774130e-01  -2.3575833e+00  -1.0000000e+00   1.0000000e+00             Inf
   9.6817680e-02   1.1999991e-01   3.6918705e-01   7.7998324e-01   2.7751398e+01  -6.1658964e-01  -2.4043057e+00  -1.0000000e+00   1.0000000e+00             Inf
   9.9086043e-02   1.2000000e-01   3.5168233e-01   6.1286812e-01   2.7829937e+01  -6.3449932e-01  -1.8851456e+00  -1.0000000e+00   1.0000000e+00             Inf
   7.5034531e-02   1.1938440e-01   3.0020043e-01   5.8715805e-01   2.7922954e+01  -6.3821135e-01  -1.8030747e+00  -1.0000000e+00   1.0000000e+00             Inf
   9.6793724e-02   1.2000000e-01   3.7299988e-01   7.3068015e-01   2.7726228e+01  -6.2127315e-01  -2.2511296e+00  -1.0000000e+00   1.0000000e+00             Inf
   9.2670191e-02   1.2000000e-01   3.7101937e-01   7.4609662e-01   2.7781149e+01  -6.1981828e-01  -2.2982523e+00  -1.0000000e+00   1.0000000e+00             Inf
   9.8811768e-02   1.2000000e-01   3.4888708e-01   6.5701492e-01   2.7835725e+01  -6.3089058e-01  -2.0220105e+00  -1.0000000e+00   1.0000000e+00             Inf
   9.8519282e-02   1.2000000e-01   4.0065489e-01   9.2603735e-01   2.7417395e+01  -5.9522549e-01  -2.8613022e+00  -1.0000000e+00   1.0000000e+00             Inf
