   9.2989013e-02   8.1948013e-02   3.0951763e-01   1.5000000e+00   1.9129592e+01  -3.7434383e-01  -4.7219886e+00  -1.0000000e+00   1.0000000e+00             Inf
   5.5478355e-02   1.1999974e-01   3.8322564e-01   1.2870103e+00   2.3961024e+01  -5.3507436e-01  -3.9892890e+00  -1.0000000e+00   1.0000000e+00             Inf
   7.4484379e-02   1.0280201e-01   3.6181753e-01   1.5000000e+00   1.9603494e+01  -4.2884192e-01  -4.6768806e+00  -1.0000000e+00   1.0000000e+00             Inf
   7.3631518e-02   1.0493065e-01   3.6046195e-01   1.5000000e+00   1.9458919e+01  -4.3531159e-01  -4.6729884e+00  -1.0000000e+00   1.0000000e+00             Inf
   7.5654958e-02   1.0319805e-01   3.6204121e-01   1.5000000e+00   1.9512869e+01  -4.3009378e-01  -4.6768455e+00  -1.0000000e+00   1.0000000e+00             Inf
   9.2453399e-02   8.4610110e-02   3.0763914e-01   1.4995463e+00   1.9028269e+01  -3.8307373e-01  -4.7165594e+00  -1.0000000e+00   1.0000000e+00             Inf
   6.1107946e-02   1.1982500e-01   3.3889951e-01   6.0335457e-01   2.5312312e+01  -6.3517804e-01  -1.8631732e+00  -1.0000000e+00   1.0000000e+00             Inf
   6.1329926e-02   1.1982676e-01   3.3918218e-01   6.3227735e-01   2.5262538e+01  -6.3264025e-01  -1.9530087e+00  -1.0000000e+00   1.0000000e+00             Inf
   5.0885791e-02   1.1987822e-01   3.2023144e-01   7.3885086e-01   2.4086280e+01  -6.1908482e-01  -2.2849684e+00  -1.0000000e+00   1.0000000e+00             Inf
   5.5568049e-02   1.2000000e-01   3.8320685e-01   1.2881574e+00   2.3948960e+01  -5.3481555e-01  -3.9929081e+00  -1.0000000e+00   1.0000000e+00             Inf
   7.8166196e-02   1.2000000e-01   4.8849836e-01   1.0269134e+00   2.4023181e+01  -5.6683206e-01  -3.1851277e+00  -1.0000000e+00   1.0000000e+00             Inf
   8.1711623e-02   1.1998305e-01   5.0718559e-01   1.0606843e+00   2.3983301e+01  -5.5860914e-01  -3.2908110e+00  -1.0000000e+00   1.0000000e+00             Inf
   6.3005414e-02   1.2000000e-01   3.0790995e-01   1.4114770e+00   2.4152484e+01  -5.2508262e-01  -4.3839219e+00  -1.0000000e+00   1.0000000e+00             Inf
   9.2442315e-02   8.0000000e-02   3.0953999e-01   1.5000000e+00   1.8890552e+01  -3.6852727e-01  -4.7259402e+00  -1.0000000e+00   1.0000000e+00             Inf
   9.4274095e-02   8.0709820e-02   3.0979094e-01   1.5000000e+00   1.9154166e+01  -3.7056674e-01  -4.7238966e+00  -1.0000000e+00   1.0000000e+00             Inf
   1.0000000e-01   9.4898783e-02   3.0000000e-01   1.5000000e+00   1.8923699e+01  -4.1569254e-01  -4.7021418e+00  -1.0000000e+00   1.0000000e+00             Inf
   9.0958759e-02   8.7944961e-02   3.0657654e-01   1.5000000e+00   1.9074352e+01  -3.9331492e-01  -4.7121622e+00  -1.0000000e+00   1.0000000e+00             Inf
   7.3662239e-02   1.0428078e-01   3.5305441e-01   1.5000000e+00   1.9323029e+01  -4.3440727e-01  -4.6745859e+00  -1.0000000e+00   1.0000000e+00             Inf
   6.1498333e-02   1.1970518e-01   3.4140241e-01   6.2092329e-01   2.5531473e+01  -6.3394683e-01  -1.9170651e+00  -1.0000000e+00   1.0000000e+00             Inf
   5.0922755e-02   1.1987897e-01   3.1973250e-01   7.3713225e-01   2.4062576e+01  -6.1922903e-01  -2.2797025e+00  -1.0000000e+00   1.0000000e+00             Inf
   5.5448736e-02   1.2000000e-01   3.8204653e-01   1.2720265e+00   2.3957228e+01  -5.3787312e-01  -3.9426188e+00  -1.0000000e+00   1.0000000e+00             Inf
   6.2030351e-02   1.1970518e-01   3.4077320e-01   6.1791282e-01   2.5476146e+01  -6.3422560e-01  -1.9079727e+00  -1.0000000e+00   1.0000000e+00             Inf
   5.0390737e-02   1.1987897e-01   3.2036170e-01   7.4014272e-01   2.4117904e+01  -6.1894699e-01  -2.2888037e+00  -1.0000000e+00   1.0000000e+00             Inf
   6.3112247e-02   1.1999506e-01   3.0745745e-01   1.4856792e+00   2.3948824e+01  -5.0967915e-01  -4.6157449e+00  -1.0000000e+00   1.0000000e+00             Inf
   7.4222385e-02   1.0223505e-01   3.6246255e-01   1.5000000e+00   1.9035593e+01  -4.2696089e-01  -4.6785338e+00  -1.0000000e+00   1.0000000e+00             Inf
   8.1238102e-02   1.2000000e-01   5.1103692e-01   1.0719569e+00   2.4061194e+01  -5.5684594e-01  -3.3256207e+00  -1.0000000e+00   1.0000000e+00             Inf
   7.5786331e-02   1.0253696e-01   3.6287116e-01   1.5000000e+00   1.9597703e+01  -4.2800750e-01  -4.6779195e+00  -1.0000000e+00   1.0000000e+00             Inf
   9.1140363e-02   8.0265046e-02   3.0848636e-01   1.5000000e+00   1.8896343e+01  -3.6934335e-01  -4.7255332e+00  -1.0000000e+00   1.0000000e+00             Inf
   5.6297469e-02   1.1999974e-01   3.8256931e-01   1.2854302e+00   2.3961535e+01  -5.3559733e-01  -3.9847676e+00  -1.0000000e+00   1.0000000e+00             Inf
   9.3364074e-02   8.2100034e-02   3.0477630e-01   1.5000000e+00   1.9308947e+01  -3.7546221e-01  -4.7215724e+00  -1.0000000e+00   1.0000000e+00             Inf
   7.8021823e-02   1.1998657e-01   5.0112240e-01   1.0787587e+00   2.3972381e+01  -5.5665420e-01  -3.3461289e+00  -1.0000000e+00   1.0000000e+00             Inf
   7.8199741e-02   1.2000000e-01   4.8483837e-01   1.0078182e+00   2.3912181e+01  -5.6953201e-01  -3.1258377e+00  -1.0000000e+00   1.0000000e+00             Inf
   8.1606253e-02   1.1998678e-01   5.0731032e-01   1.0634737e+00   2.3955319e+01  -5.5798645e-01  -3.2994631e+00  -1.0000000e+00   1.0000000e+00             Inf
   6.2723130e-02   1.2000000e-01   3.0708460e-01   1.4574674e+00   2.4655513e+01  -5.1974432e-01  -4.5280453e+00  -1.0000000e+00   1.0000000e+00             Inf
   6.1203033e-02   1.1970091e-01   3.4300679e-01   6.3623687e-01   2.5370914e+01  -6.3204755e-01  -1.9649642e+00  -1.0000000e+00   1.0000000e+00             Inf
   6.1533562e-02   1.1983123e-01   3.3530794e-01   6.0775846e-01   2.5260175e+01  -6.3506796e-01  -1.8770038e+00  -1.0000000e+00   1.0000000e+00             Inf
   7.3483186e-02   1.0162870e-01   3.6815674e-01   1.5000000e+00   1.9003853e+01  -4.2419775e-01  -4.6790445e+00  -1.0000000e+00   1.0000000e+00             Inf
   5.1593057e-02   1.1999126e-01   3.2524703e-01   7.4624232e-01   2.4040440e+01  -6.1799902e-01  -2.3081328e+00  -1.0000000e+00   1.0000000e+00             Inf
   6.2698249e-02   1.2000000e-01   3.0869989e-01   1.4349905e+00   2.4504471e+01  -5.2281055e-01  -4.4575156e+00  -1.0000000e+00   1.0000000e+00             Inf
   7.8530458e-02   1.2000000e-01   4.8700279e-01   1.0487202e+00   2.3998922e+01  -5.6347792e-01  -3.2532139e+00  -1.0000000e+00   1.0000000e+00             Inf
   6.1370206e-02   1.1982218e-01   3.3918923e-01   6.3269416e-01   2.5263799e+01  -6.3260852e-01  -1.9543033e+00  -1.0000000e+00   1.0000000e+00             Inf
   6.3024884e-02   1.2000000e-01   3.0724198e-01   1.3795109e+00   2.4491998e+01  -5.3329629e-01  -4.2839570e+00  -1.0000000e+00   1.0000000e+00             Inf
   7.8278624e-02   1.2000000e-01   4.9088711e-01   1.0545373e+00   2.4056240e+01  -5.6241501e-01  -3.2711021e+00  -1.0000000e+00   1.0000000e+00             Inf
   6.0697447e-02   1.1981866e-01   3.3734163e-01   5.9690366e-01   2.5452769e+01  -6.3611747e-01  -1.8427360e+00  -1.0000000e+00   1.0000000e+00             Inf
   6.1100161e-02   1.1982558e-01   3.3917379e-01   6.3301175e-01   2.5255118e+01  -6.3251779e-01  -1.9552726e+00  -1.0000000e+00   1.0000000e+00             Inf
   6.3022724e-02   1.2000000e-01   3.1019642e-01   1.4905351e+00   2.3991145e+01  -5.0865960e-01  -4.6309191e+00  -1.0000000e+00   1.0000000e+00             Inf
   6.1396764e-02   1.1970190e-01   3.4256295e-01   6.2863335e-01   2.5534556e+01  -6.3316642e-01  -1.9409389e+00  -1.0000000e+00   1.0000000e+00             Inf
   9.6205530e-02   8.4082912e-02   3.0950290e-01   1.5000000e+00   1.9120440e+01  -3.8134357e-01  -4.7185942e+00  -1.0000000e+00   1.0000000e+00             Inf
   9.2961778e-02   8.2120339e-02   3.0950906e-01   1.5000000e+00   1.9126994e+01  -3.7488239e-01  -4.7217156e+00  -1.0000000e+00   1.0000000e+00             Inf
   6.3071797e-02   1.1999011e-01   3.0759099e-01   1.4874363e+00   2.3946552e+01  -5.0929067e-01  -4.6212189e+00  -1.0000000e+00   1.0000000e+00             Inf
