   9.0317629e-02   9.7880021e-02   3.4423536e-01   1.5000000e+00   2.6126820e+01  -4.3016693e-01  -4.7045577e+00  -1.0000000e+00   1.0000000e+00             Inf
   9.7512211e-02   1.1999966e-01   3.2872487e-01   6.9261881e-01   2.6906668e+01  -6.2655471e-01  -2.1348113e+00  -1.0000000e+00   1.0000000e+00             Inf
   9.9721816e-02   1.2000000e-01   3.0000000e-01   1.1108546e+00   2.7213464e+01  -5.8114441e-01  -3.4415600e+00  -1.0000000e+00   1.0000000e+00             Inf
   9.9999389e-02   1.2000000e-01   3.0000000e-01   5.1110528e-01   2.7079761e+01  -6.4394907e-01  -1.5708684e+00  -1.0000000e+00   1.0000000e+00             Inf
   9.9971395e-02   1.2000000e-01   3.0000000e-01   1.1089023e+00   2.7234629e+01  -5.8147735e-01  -3.4353944e+00  -1.0000000e+00   1.0000000e+00             Inf
   9.4925972e-02   1.2000000e-01   3.2899725e-01   6.5573211e-01   2.7013065e+01  -6.3035792e-01  -2.0197523e+00  -1.0000000e+00   1.0000000e+00             Inf
   9.5532623e-02   1.2000000e-01   3.1988879e-01   6.0057972e-01   2.6954105e+01  -6.3566003e-01  -1.8486519e+00  -1.0000000e+00   1.0000000e+00             Inf
   9.7422276e-02   1.2000000e-01   3.0818505e-01   1.3923596e+00   2.6040681e+01  -5.2732570e-01  -4.3312187e+00  -1.0000000e+00   1.0000000e+00             Inf
   5.3692457e-02   1.0263275e-01   3.4666411e-01   1.5000000e+00   2.5966831e+01  -4.5042368e-01  -4.6870462e+00  -1.0000000e+00   1.0000000e+00             Inf
   9.7142599e-02   1.1999968e-01   3.2875614e-01   7.0919966e-01   2.6919228e+01  -6.2508688e-01  -2.1863367e+00  -1.0000000e+00   1.0000000e+00             Inf
   1.0000000e-01   1.2000000e-01   3.0000000e-01   1.1360104e+00   2.7219109e+01  -5.7741665e-01  -3.5207031e+00  -1.0000000e+00   1.0000000e+00             Inf
   9.4625477e-02   1.2000000e-01   3.2888670e-01   6.2714894e-01   2.7021171e+01  -6.3289257e-01  -1.9309771e+00  -1.0000000e+00   1.0000000e+00             Inf
   9.9741663e-02   1.2000000e-01   3.0000000e-01   1.1058575e+00   2.7215433e+01  -5.8187965e-01  -3.4258520e+00  -1.0000000e+00   1.0000000e+00             Inf
   1.0000000e-01   1.2000000e-01   3.0000000e-01   1.0991778e+00   2.7205898e+01  -5.8281957e-01  -3.4049843e+00  -1.0000000e+00   1.0000000e+00             Inf
   5.2539545e-02   1.0002978e-01   3.4915721e-01   1.5000000e+00   2.5985486e+01  -4.4344287e-01  -4.6931182e+00  -1.0000000e+00   1.0000000e+00             Inf
   9.4985940e-02   1.2000000e-01   3.2988499e-01   6.3135543e-01   2.7014210e+01  -6.3239836e-01  -1.9440722e+00  -1.0000000e+00   1.0000000e+00             Inf
   5.0000000e-02   9.6768620e-02   3.0000000e-01   1.5000000e+00   2.6005970e+01  -4.4072204e-01  -4.7009564e+00  -1.0000000e+00   1.0000000e+00             Inf
   5.3630112e-02   1.0038773e-01   3.4523640e-01   1.5000000e+00   2.5992562e+01  -4.4467651e-01  -4.6925457e+00  -1.0000000e+00   1.0000000e+00             Inf
   1.0000000e-01   1.2000000e-01   3.0078350e-01   1.1136584e+00   2.7280965e+01  -5.8079138e-01  -3.4501131e+00  -1.0000000e+00   1.0000000e+00             Inf
   9.9912943e-02   1.2000000e-01   3.0000000e-01   1.1432276e+00   2.7216732e+01  -5.7632282e-01  -3.5433854e+00  -1.0000000e+00   1.0000000e+00             Inf
   9.9994602e-02   1.2000000e-01   3.0000000e-01   1.1358151e+00   2.7218818e+01  -5.7744539e-01  -3.5200886e+00  -1.0000000e+00   1.0000000e+00             Inf
   9.9809058e-02   1.2000000e-01   3.0000991e-01   1.0915211e+00   2.7242047e+01  -5.8401718e-01  -3.3806953e+00  -1.0000000e+00   1.0000000e+00             Inf
   9.9733730e-02   1.2000000e-01   3.0000000e-01   1.1059273e+00   2.7215571e+01  -5.8187000e-01  -3.4260682e+00  -1.0000000e+00   1.0000000e+00             Inf
   8.1257259e-02   1.2000000e-01   3.0049917e-01   1.4543653e+00   2.5928124e+01  -5.1597557e-01  -4.5204410e+00  -1.0000000e+00   1.0000000e+00             Inf
   9.9971175e-02   1.2000000e-01   3.0000000e-01   1.1088456e+00   2.7234074e+01  -5.8148428e-01  -3.4352186e+00  -1.0000000e+00   1.0000000e+00             Inf
   9.8721325e-02   1.2000000e-01   3.0000000e-01   1.1597015e+00   2.7200996e+01  -5.7377602e-01  -3.5948879e+00  -1.0000000e+00   1.0000000e+00             Inf
   8.1580066e-02   1.2000000e-01   3.0000000e-01   1.4643631e+00   2.5936582e+01  -5.1416292e-01  -4.5521049e+00  -1.0000000e+00   1.0000000e+00             Inf
   1.0000000e-01   1.2000000e-01   3.0000000e-01   7.7345917e-01   2.7003525e+01  -6.2165695e-01  -2.3861499e+00  -1.0000000e+00   1.0000000e+00             Inf
   7.5034632e-02   1.2000000e-01   3.1187999e-01   9.7364169e-01   2.7192449e+01  -5.9464867e-01  -3.0042474e+00  -1.0000000e+00   1.0000000e+00             Inf
   9.8603443e-02   1.2000000e-01   3.0000000e-01   1.1190643e+00   2.7202999e+01  -5.7992330e-01  -3.4670694e+00  -1.0000000e+00   1.0000000e+00             Inf
   8.1578396e-02   1.2000000e-01   3.0022655e-01   1.4765759e+00   2.5984906e+01  -5.1198926e-01  -4.5905364e+00  -1.0000000e+00   1.0000000e+00             Inf
   1.0000000e-01   1.2000000e-01   3.2933769e-01   1.2624194e+00   2.7242537e+01  -5.5305958e-01  -3.9180561e+00  -1.0000000e+00   1.0000000e+00             Inf
   1.0000000e-01   1.2000000e-01   3.0000000e-01   1.1418198e+00   2.7224449e+01  -5.7655419e-01  -3.5389466e+00  -1.0000000e+00   1.0000000e+00             Inf
   9.9949367e-02   1.2000000e-01   3.0000000e-01   1.1339659e+00   2.7223179e+01  -5.7773540e-01  -3.5142374e+00  -1.0000000e+00   1.0000000e+00             Inf
   5.5545243e-02   1.0263036e-01   3.4664490e-01   1.5000000e+00   2.5981307e+01  -4.5022639e-01  -4.6876155e+00  -1.0000000e+00   1.0000000e+00             Inf
   5.5084417e-02   1.0335125e-01   3.4982946e-01   1.5000000e+00   2.5980687e+01  -4.5189360e-01  -4.6857368e+00  -1.0000000e+00   1.0000000e+00             Inf
   9.9809417e-02   1.2000000e-01   3.0001006e-01   1.0915087e+00   2.7242002e+01  -5.8401883e-01  -3.3806564e+00  -1.0000000e+00   1.0000000e+00             Inf
   9.9971037e-02   1.2000000e-01   3.0000000e-01   1.1089148e+00   2.7234674e+01  -5.8147565e-01  -3.4354332e+00  -1.0000000e+00   1.0000000e+00             Inf
   9.9904963e-02   1.2000000e-01   3.0000000e-01   1.1436606e+00   2.7217626e+01  -5.7625969e-01  -3.5447401e+00  -1.0000000e+00   1.0000000e+00             Inf
   9.6667472e-02   1.2000000e-01   3.0000000e-01   1.0831344e+00   2.7247026e+01  -5.8522429e-01  -3.3533990e+00  -1.0000000e+00   1.0000000e+00             Inf
   1.0000000e-01   1.1997476e-01   3.0000000e-01   1.1307772e+00   2.7315733e+01  -5.7837716e-01  -3.5037741e+00  -1.0000000e+00   1.0000000e+00             Inf
   9.4232951e-02   1.2000000e-01   3.2860687e-01   6.9861514e-01   2.6881144e+01  -6.2620096e-01  -2.1533670e+00  -1.0000000e+00   1.0000000e+00             Inf
   1.0000000e-01   1.1978781e-01   3.0000089e-01   5.0344672e-01   2.7077776e+01  -6.4423292e-01  -1.5471731e+00  -1.0000000e+00   1.0000000e+00             Inf
   9.1266267e-02   9.8912613e-02   3.4001725e-01   1.5000000e+00   2.6022743e+01  -4.3324332e-01  -4.7027016e+00  -1.0000000e+00   1.0000000e+00             Inf
   9.0307481e-02   9.9209252e-02   3.4423411e-01   1.5000000e+00   2.6129670e+01  -4.3448961e-01  -4.7020563e+00  -1.0000000e+00   1.0000000e+00             Inf
   9.9959438e-02   1.2000000e-01   3.0014918e-01   1.1432316e+00   2.7216263e+01  -5.7630036e-01  -3.5434138e+00  -1.0000000e+00   1.0000000e+00             Inf
   1.0000000e-01   1.2000000e-01   3.0000983e-01   1.0892543e+00   2.7257289e+01  -5.8437435e-01  -3.3735538e+00  -1.0000000e+00   1.0000000e+00             Inf
   8.1109576e-02   1.2000000e-01   3.0048934e-01   1.4740133e+00   2.5905464e+01  -5.1200807e-01  -4.5823478e+00  -1.0000000e+00   1.0000000e+00             Inf
   9.9951350e-02   1.1999999e-01   3.0020708e-01   1.1161411e+00   2.7283641e+01  -5.8050816e-01  -3.4578924e+00  -1.0000000e+00   1.0000000e+00             Inf
   9.7560861e-02   1.1999966e-01   3.2930129e-01   6.9013614e-01   2.6903993e+01  -6.2671387e-01  -2.1271043e+00  -1.0000000e+00   1.0000000e+00             Inf
