   5.0000000e-02   8.0000000e-02   5.0559563e-01   1.5000000e+00   2.6963151e+01  -3.9722861e-01  -4.7547198e+00  -1.0000000e+00   1.0000000e+00             Inf
   5.0000000e-02   8.0000000e-02   4.9854401e-01   1.5000000e+00   2.7036419e+01  -3.9836517e-01  -4.7544845e+00  -1.0000000e+00   1.0000000e+00             Inf
   5.0000000e-02   8.0000000e-02   4.9853676e-01   1.5000000e+00   2.7036432e+01  -3.9836588e-01  -4.7544843e+00  -1.0000000e+00   1.0000000e+00             Inf
   5.0000000e-02   8.0000000e-02   5.0395481e-01   1.5000000e+00   2.7064697e+01  -3.9811513e-01  -4.7545578e+00  -1.0000000e+00   1.0000000e+00             Inf
   5.0000000e-02   8.0000000e-02   4.9860290e-01   1.5000000e+00   2.7036384e+01  -3.9835995e-01  -4.7544858e+00  -1.0000000e+00   1.0000000e+00             Inf
   5.9124620e-02   9.4677474e-02   5.5874061e-01   1.5000000e+00   2.7535960e+01  -4.2649234e-01  -4.7141320e+00  -1.0000000e+00   1.0000000e+00             Inf
   5.9528548e-02   9.3529884e-02   5.6415732e-01   1.5000000e+00   2.7607538e+01  -4.2340010e-01  -4.7172155e+00  -1.0000000e+00   1.0000000e+00             Inf
   5.0000000e-02   8.0000000e-02   5.0390390e-01   1.5000000e+00   2.7034697e+01  -3.9790031e-01  -4.7545976e+00  -1.0000000e+00   1.0000000e+00             Inf
   5.0000000e-02   8.0000000e-02   4.9924190e-01   1.5000000e+00   2.7101262e+01  -3.9877559e-01  -4.7544055e+00  -1.0000000e+00   1.0000000e+00             Inf
   5.0000000e-02   8.0000000e-02   5.0038595e-01   1.5000000e+00   2.7051364e+01  -3.9831864e-01  -4.7545021e+00  -1.0000000e+00   1.0000000e+00             Inf
   5.0000000e-02   1.2000000e-01   3.0000000e-01   1.2536818e+00   2.4456211e+01  -5.5304550e-01  -3.8836753e+00  -1.0000000e+00   1.0000000e+00             Inf
   7.1212145e-02   1.2000000e-01   4.4359769e-01   1.1266558e+00   2.4398485e+01  -5.5849207e-01  -3.4941278e+00  -1.0000000e+00   1.0000000e+00             Inf
   5.0000000e-02   8.5162921e-02   5.2842149e-01   1.5000000e+00   2.7432540e+01  -4.1002258e-01  -4.7400445e+00  -1.0000000e+00   1.0000000e+00             Inf
   5.0000000e-02   8.0000000e-02   5.0401036e-01   1.5000000e+00   2.7072306e+01  -3.9816582e-01  -4.7545483e+00  -1.0000000e+00   1.0000000e+00             Inf
   1.0000000e-01   1.1352817e-01   4.5853497e-01   1.5000000e+00   2.6945451e+01  -4.8243560e-01  -4.6815259e+00  -1.0000000e+00   1.0000000e+00             Inf
   5.0000000e-02   8.0000000e-02   5.0338022e-01   1.5000000e+00   2.7068317e+01  -3.9818983e-01  -4.7545407e+00  -1.0000000e+00   1.0000000e+00             Inf
   5.0000000e-02   8.0183473e-02   5.4350033e-01   1.5000000e+00   2.6973042e+01  -3.9447343e-01  -4.7549756e+00  -1.0000000e+00   1.0000000e+00             Inf
   5.0000000e-02   8.0000000e-02   4.9861645e-01   1.5000000e+00   2.7037955e+01  -3.9837024e-01  -4.7544839e+00  -1.0000000e+00   1.0000000e+00             Inf
   5.0000002e-02   8.0000000e-02   5.0397701e-01   1.5000000e+00   2.7000441e+01  -3.9764232e-01  -4.7546429e+00  -1.0000000e+00   1.0000000e+00             Inf
   5.0000000e-02   8.6066093e-02   5.2916668e-01   1.5000000e+00   2.7474137e+01  -4.1224393e-01  -4.7373855e+00  -1.0000000e+00   1.0000000e+00             Inf
   5.0000000e-02   8.2284922e-02   5.0457613e-01   1.5000000e+00   2.6971229e+01  -4.0247850e-01  -4.7484027e+00  -1.0000000e+00   1.0000000e+00             Inf
   5.0000000e-02   8.0000000e-02   4.8308255e-01   1.5000000e+00   2.7099969e+01  -4.0011968e-01  -4.7540684e+00  -1.0000000e+00   1.0000000e+00             Inf
   5.0000000e-02   8.0241771e-02   5.4428338e-01   1.5000000e+00   2.7012679e+01  -3.9483889e-01  -4.7547986e+00  -1.0000000e+00   1.0000000e+00             Inf
   5.9171970e-02   9.4834068e-02   5.5717478e-01   1.5000000e+00   2.7526031e+01  -4.2696573e-01  -4.7136908e+00  -1.0000000e+00   1.0000000e+00             Inf
   7.8508276e-02   1.1993871e-01   4.1716539e-01   6.6920670e-01   2.4155862e+01  -6.1837781e-01  -2.0716503e+00  -1.0000000e+00   1.0000000e+00             Inf
   5.0000000e-02   8.0000000e-02   5.0559150e-01   1.5000000e+00   2.6963036e+01  -3.9722810e-01  -4.7547198e+00  -1.0000000e+00   1.0000000e+00             Inf
   5.0000000e-02   9.6771224e-02   4.1639327e-01   1.4983826e+00   2.7010818e+01  -4.4603905e-01  -4.6988540e+00  -1.0000000e+00   1.0000000e+00             Inf
   5.8846033e-02   9.4910505e-02   5.5661084e-01   1.5000000e+00   2.7526049e+01  -4.2732541e-01  -4.7134550e+00  -1.0000000e+00   1.0000000e+00             Inf
   5.9272220e-02   9.4748872e-02   5.5925070e-01   1.5000000e+00   2.7538162e+01  -4.2657589e-01  -4.7139508e+00  -1.0000000e+00   1.0000000e+00             Inf
   1.0000000e-01   1.1505218e-01   4.5226036e-01   1.5000000e+00   2.6967779e+01  -4.8829172e-01  -4.6796707e+00  -1.0000000e+00   1.0000000e+00             Inf
   7.4996853e-02   1.2000000e-01   4.0728046e-01   5.9862991e-01   2.4555483e+01  -6.2767309e-01  -1.8514037e+00  -1.0000000e+00   1.0000000e+00             Inf
   7.3266534e-02   1.2000000e-01   4.0545196e-01   5.2973615e-01   2.4583065e+01  -6.3343356e-01  -1.6372794e+00  -1.0000000e+00   1.0000000e+00             Inf
   5.0600598e-02   8.8290884e-02   5.2205661e-01   1.5000000e+00   2.7382546e+01  -4.1710699e-01  -4.7310328e+00  -1.0000000e+00   1.0000000e+00             Inf
   5.8684161e-02   9.4445152e-02   5.5632355e-01   1.5000000e+00   2.7529174e+01  -4.2628733e-01  -4.7147011e+00  -1.0000000e+00   1.0000000e+00             Inf
   5.0000093e-02   8.0000000e-02   4.8266967e-01   1.5000000e+00   2.7116505e+01  -4.0027068e-01  -4.7540327e+00  -1.0000000e+00   1.0000000e+00             Inf
   5.0004413e-02   8.6118413e-02   5.3527975e-01   1.5000000e+00   2.7444465e+01  -4.1164456e-01  -4.7374861e+00  -1.0000000e+00   1.0000000e+00             Inf
   5.0048862e-02   8.0000000e-02   5.0522831e-01   1.5000000e+00   2.7064546e+01  -3.9798256e-01  -4.7545811e+00  -1.0000000e+00   1.0000000e+00             Inf
   5.0000000e-02   8.5101310e-02   5.2809026e-01   1.5000000e+00   2.7422422e+01  -4.0984838e-01  -4.7402344e+00  -1.0000000e+00   1.0000000e+00             Inf
   5.8835707e-02   9.5173736e-02   5.5799794e-01   1.5000000e+00   2.7539374e+01  -4.2790916e-01  -4.7127414e+00  -1.0000000e+00   1.0000000e+00             Inf
   5.0000000e-02   8.0000000e-02   5.0292026e-01   1.5000000e+00   2.7040160e+01  -3.9802330e-01  -4.7545700e+00  -1.0000000e+00   1.0000000e+00             Inf
   5.8978695e-02   9.4725049e-02   5.5995954e-01   1.5000000e+00   2.7540871e+01  -4.2656277e-01  -4.7140191e+00  -1.0000000e+00   1.0000000e+00             Inf
   1.0000000e-01   1.1462128e-01   4.5382901e-01   1.5000000e+00   2.6941445e+01  -4.8656332e-01  -4.6802589e+00  -1.0000000e+00   1.0000000e+00             Inf
   5.0000097e-02   8.0000000e-02   4.8240072e-01   1.5000000e+00   2.7111307e+01  -4.0025658e-01  -4.7540356e+00  -1.0000000e+00   1.0000000e+00             Inf
   5.0000000e-02   8.0000000e-02   5.4399431e-01   1.5000000e+00   2.6954742e+01  -3.9388845e-01  -4.7554938e+00  -1.0000000e+00   1.0000000e+00             Inf
   5.0000633e-02   8.0000000e-02   5.0342705e-01   1.5000000e+00   2.7068232e+01  -3.9818496e-01  -4.7545418e+00  -1.0000000e+00   1.0000000e+00             Inf
   7.3738711e-02   1.2000000e-01   4.0291827e-01   5.8552285e-01   2.4481756e+01  -6.2883131e-01  -1.8106863e+00  -1.0000000e+00   1.0000000e+00             Inf
   7.3569919e-02   1.1960244e-01   3.9215265e-01   5.5949025e-01   2.4615953e+01  -6.3194057e-01  -1.7296020e+00  -1.0000000e+00   1.0000000e+00             Inf
   5.0000000e-02   1.2000000e-01   3.0803643e-01   1.2553712e+00   2.4733331e+01  -5.5290456e-01  -3.8878442e+00  -1.0000000e+00   1.0000000e+00             Inf
   5.0000000e-02   8.6399645e-02   5.2574789e-01   1.5000000e+00   2.7481202e+01  -4.1333229e-01  -4.7363111e+00  -1.0000000e+00   1.0000000e+00             Inf
   5.0000000e-02   1.2000000e-01   3.0000000e-01   1.3397765e+00   2.4475938e+01  -5.3830615e-01  -4.1524903e+00  -1.0000000e+00   1.0000000e+00             Inf
