   1.0000000e-01   1.2000000e-01   3.0000000e-01   1.5000000e+00   2.7146984e+01  -5.2685410e-01  -4.6773151e+00  -1.0000000e+00   1.0000000e+00             Inf
   8.6850737e-02   9.3321269e-02   3.0000000e-01   1.5000000e+00   2.7118563e+01  -4.4526851e-01  -4.7194916e+00  -1.0000000e+00   1.0000000e+00             Inf
   9.9853155e-02   1.1700516e-01   3.0000000e-01   1.5000000e+00   2.7146983e+01  -5.1813549e-01  -4.6812556e+00  -1.0000000e+00   1.0000000e+00             Inf
   8.5944500e-02   8.7822744e-02   3.0000000e-01   1.5000000e+00   2.7147606e+01  -4.2883078e-01  -4.7314319e+00  -1.0000000e+00   1.0000000e+00             Inf
   8.6932921e-02   9.4768200e-02   3.0001299e-01   1.5000000e+00   2.7119464e+01  -4.4971581e-01  -4.7163769e+00  -1.0000000e+00   1.0000000e+00             Inf
   8.6870284e-02   9.1064227e-02   3.0139491e-01   1.5000000e+00   2.7348997e+01  -4.3930375e-01  -4.7236413e+00  -1.0000000e+00   1.0000000e+00             Inf
   8.6929339e-02   9.5009523e-02   3.0001328e-01   1.5000000e+00   2.7119095e+01  -4.5045826e-01  -4.7158597e+00  -1.0000000e+00   1.0000000e+00             Inf
   8.6474010e-02   8.8915898e-02   3.0000000e-01   1.5000000e+00   2.7153741e+01  -4.3207438e-01  -4.7289853e+00  -1.0000000e+00   1.0000000e+00             Inf
   9.1932067e-02   1.1997902e-01   3.0000000e-01   1.4262695e+00   2.7401452e+01  -5.4116493e-01  -4.4373117e+00  -1.0000000e+00   1.0000000e+00             Inf
   9.1751054e-02   1.2000000e-01   3.0000000e-01   1.4227231e+00   2.7385498e+01  -5.4180048e-01  -4.4260618e+00  -1.0000000e+00   1.0000000e+00             Inf
   8.7016259e-02   9.5435295e-02   3.0001309e-01   1.5000000e+00   2.7120217e+01  -4.5177139e-01  -4.7149544e+00  -1.0000000e+00   1.0000000e+00             Inf
   8.6487583e-02   8.8682300e-02   3.0000000e-01   1.5000000e+00   2.7153839e+01  -4.3136917e-01  -4.7294950e+00  -1.0000000e+00   1.0000000e+00             Inf
   1.0000000e-01   1.2000000e-01   3.0497968e-01   1.4449653e+00   2.7169028e+01  -5.3647350e-01  -4.5030255e+00  -1.0000000e+00   1.0000000e+00             Inf
   8.6130614e-02   8.7996549e-02   3.0014539e-01   1.5000000e+00   2.7154667e+01  -4.2934258e-01  -4.7310142e+00  -1.0000000e+00   1.0000000e+00             Inf
   8.6487871e-02   8.8682440e-02   3.0000000e-01   1.5000000e+00   2.7153820e+01  -4.3136946e-01  -4.7294947e+00  -1.0000000e+00   1.0000000e+00             Inf
   8.6928578e-02   9.4831161e-02   3.0001818e-01   1.5000000e+00   2.7118483e+01  -4.4990480e-01  -4.7162443e+00  -1.0000000e+00   1.0000000e+00             Inf
   8.6486927e-02   8.8749160e-02   3.0000000e-01   1.5000000e+00   2.7154603e+01  -4.3157463e-01  -4.7293469e+00  -1.0000000e+00   1.0000000e+00             Inf
   7.5446914e-02   1.2000000e-01   3.0393961e-01   1.0198438e+00   2.2857845e+01  -5.7974282e-01  -3.1645657e+00  -1.0000000e+00   1.0000000e+00             Inf
   8.6892498e-02   9.3588678e-02   3.0010557e-01   1.5000000e+00   2.7121244e+01  -4.4608460e-01  -4.7189053e+00  -1.0000000e+00   1.0000000e+00             Inf
   8.6488845e-02   8.8744021e-02   3.0001926e-01   1.5000000e+00   2.7155229e+01  -4.3155954e-01  -4.7293558e+00  -1.0000000e+00   1.0000000e+00             Inf
   8.6714485e-02   8.8986408e-02   3.0000000e-01   1.5000000e+00   2.7174488e+01  -4.3236275e-01  -4.7287641e+00  -1.0000000e+00   1.0000000e+00             Inf
   8.6466582e-02   8.9847084e-02   3.0000511e-01   1.5000000e+00   2.7165366e+01  -4.3494685e-01  -4.7269162e+00  -1.0000000e+00   1.0000000e+00             Inf
   8.6522884e-02   8.7193399e-02   3.0000000e-01   1.5000000e+00   2.7157197e+01  -4.2691303e-01  -4.7327328e+00  -1.0000000e+00   1.0000000e+00             Inf
   8.5543755e-02   9.1499457e-02   3.0134763e-01   1.5000000e+00   2.7352445e+01  -4.4078090e-01  -4.7226422e+00  -1.0000000e+00   1.0000000e+00             Inf
   8.6427319e-02   8.9694431e-02   3.0000363e-01   1.5000000e+00   2.7165947e+01  -4.3449310e-01  -4.7272503e+00  -1.0000000e+00   1.0000000e+00             Inf
   8.6898451e-02   9.3528407e-02   3.0010929e-01   1.5000000e+00   2.7120123e+01  -4.4589298e-01  -4.7190393e+00  -1.0000000e+00   1.0000000e+00             Inf
   8.5951420e-02   9.0444844e-02   3.0000000e-01   1.5000000e+00   2.7155029e+01  -4.3676555e-01  -4.7256398e+00  -1.0000000e+00   1.0000000e+00             Inf
   8.6712452e-02   8.8963565e-02   3.0000031e-01   1.5000000e+00   2.7173738e+01  -4.3229020e-01  -4.7288160e+00  -1.0000000e+00   1.0000000e+00             Inf
   8.6893679e-02   9.2003995e-02   3.0006996e-01   1.5000000e+00   2.7132747e+01  -4.4128850e-01  -4.7223026e+00  -1.0000000e+00   1.0000000e+00             Inf
   8.6478385e-02   8.8652937e-02   3.0001071e-01   1.5000000e+00   2.7156137e+01  -4.3129249e-01  -4.7295535e+00  -1.0000000e+00   1.0000000e+00             Inf
   8.6897410e-02   9.3541353e-02   3.0010176e-01   1.5000000e+00   2.7120642e+01  -4.4593640e-01  -4.7190098e+00  -1.0000000e+00   1.0000000e+00             Inf
   8.6949015e-02   9.0709145e-02   3.0126798e-01   1.5000000e+00   2.7371666e+01  -4.3834695e-01  -4.7243527e+00  -1.0000000e+00   1.0000000e+00             Inf
   8.6807335e-02   9.4387705e-02   3.0001276e-01   1.5000000e+00   2.7120539e+01  -4.4855826e-01  -4.7171790e+00  -1.0000000e+00   1.0000000e+00             Inf
   8.6806801e-02   9.4179337e-02   3.0001203e-01   1.5000000e+00   2.7118799e+01  -4.4790884e-01  -4.7176339e+00  -1.0000000e+00   1.0000000e+00             Inf
   8.6915757e-02   9.3613930e-02   3.0010369e-01   1.5000000e+00   2.7122125e+01  -4.4616478e-01  -4.7188498e+00  -1.0000000e+00   1.0000000e+00             Inf
   8.7009482e-02   9.5461670e-02   3.0001354e-01   1.5000000e+00   2.7120602e+01  -4.5185500e-01  -4.7148958e+00  -1.0000000e+00   1.0000000e+00             Inf
   8.5959320e-02   9.0412806e-02   3.0000006e-01   1.5000000e+00   2.7154912e+01  -4.3666703e-01  -4.7257107e+00  -1.0000000e+00   1.0000000e+00             Inf
   8.6470484e-02   8.8684975e-02   3.0001065e-01   1.5000000e+00   2.7156254e+01  -4.3139064e-01  -4.7294837e+00  -1.0000000e+00   1.0000000e+00             Inf
   8.6337279e-02   9.0789130e-02   3.0000000e-01   1.5000000e+00   2.7153825e+01  -4.3775987e-01  -4.7248856e+00  -1.0000000e+00   1.0000000e+00             Inf
   8.6849507e-02   9.3311091e-02   3.0000000e-01   1.5000000e+00   2.7118567e+01  -4.4523739e-01  -4.7195135e+00  -1.0000000e+00   1.0000000e+00             Inf
   8.6929808e-02   9.4841339e-02   3.0001910e-01   1.5000000e+00   2.7118479e+01  -4.4993594e-01  -4.7162226e+00  -1.0000000e+00   1.0000000e+00             Inf
   8.6412194e-02   8.9578631e-02   3.0000861e-01   1.5000000e+00   2.7164280e+01  -4.3413576e-01  -4.7275089e+00  -1.0000000e+00   1.0000000e+00             Inf
   8.6471829e-02   8.8946175e-02   3.0000062e-01   1.5000000e+00   2.7153406e+01  -4.3216413e-01  -4.7289200e+00  -1.0000000e+00   1.0000000e+00             Inf
   8.6487133e-02   9.0273662e-02   3.0000494e-01   1.5000000e+00   2.7161225e+01  -4.3621540e-01  -4.7259930e+00  -1.0000000e+00   1.0000000e+00             Inf
   8.6696766e-02   8.9047034e-02   3.0000043e-01   1.5000000e+00   2.7174405e+01  -4.3254747e-01  -4.7286328e+00  -1.0000000e+00   1.0000000e+00             Inf
   8.6879343e-02   8.9400554e-02   3.0006457e-01   1.5000000e+00   2.7174529e+01  -4.3358390e-01  -4.7278504e+00  -1.0000000e+00   1.0000000e+00             Inf
   8.6913174e-02   9.4939161e-02   3.0001338e-01   1.5000000e+00   2.7119405e+01  -4.5024388e-01  -4.7160078e+00  -1.0000000e+00   1.0000000e+00             Inf
   8.6478420e-02   8.8652833e-02   3.0001031e-01   1.5000000e+00   2.7156276e+01  -4.3129295e-01  -4.7295534e+00  -1.0000000e+00   1.0000000e+00             Inf
   8.6490963e-02   8.8657849e-02   3.0001926e-01   1.5000000e+00   2.7155231e+01  -4.3129972e-01  -4.7295441e+00  -1.0000000e+00   1.0000000e+00             Inf
   8.6335160e-02   9.0875303e-02   3.0000000e-01   1.5000000e+00   2.7153822e+01  -4.3802181e-01  -4.7246967e+00  -1.0000000e+00   1.0000000e+00             Inf
