   7.6851950e-02   1.2000000e-01   3.0000000e-01   7.3750647e-01   2.5258021e+01  -6.2867514e-01  -2.2824520e+00  -1.0000000e+00   1.0000000e+00             Inf
   9.1499306e-02   1.1999443e-01   3.0101554e-01   1.3696773e+00   2.4943074e+01  -5.3969862e-01  -4.2687227e+00  -1.0000000e+00   1.0000000e+00             Inf
   7.5797453e-02   1.1999981e-01   3.0002322e-01   6.4977854e-01   2.5274705e+01  -6.3617643e-01  -2.0091439e+00  -1.0000000e+00   1.0000000e+00             Inf
   9.1655320e-02   1.2000000e-01   3.0000007e-01   1.2922142e+00   2.4918036e+01  -5.5318313e-01  -4.0254094e+00  -1.0000000e+00   1.0000000e+00             Inf
   9.0135942e-02   1.2000000e-01   3.0000000e-01   1.3407590e+00   2.4922382e+01  -5.4504225e-01  -4.1772690e+00  -1.0000000e+00   1.0000000e+00             Inf
   9.0732002e-02   1.1988686e-01   3.0004945e-01   1.3085251e+00   2.4945147e+01  -5.5046025e-01  -4.0763699e+00  -1.0000000e+00   1.0000000e+00             Inf
   7.6180547e-02   1.2000000e-01   3.0000000e-01   6.7006236e-01   2.5317378e+01  -6.3470812e-01  -2.0721953e+00  -1.0000000e+00   1.0000000e+00             Inf
   7.6390593e-02   1.1999998e-01   3.0002271e-01   6.9889940e-01   2.5266387e+01  -6.3209063e-01  -2.1621120e+00  -1.0000000e+00   1.0000000e+00             Inf
   9.2874857e-02   1.2000000e-01   3.0215890e-01   1.3916929e+00   2.4982590e+01  -5.3567427e-01  -4.3384960e+00  -1.0000000e+00   1.0000000e+00             Inf
   7.1039824e-02   1.2000000e-01   3.4955986e-01   1.0449748e+00   2.4752548e+01  -5.8587944e-01  -3.2414166e+00  -1.0000000e+00   1.0000000e+00             Inf
   7.7006726e-02   1.1999996e-01   3.0063177e-01   6.8817345e-01   2.5310823e+01  -6.3311368e-01  -2.1286927e+00  -1.0000000e+00   1.0000000e+00             Inf
   8.8758708e-02   1.1985652e-01   3.0000000e-01   1.4450137e+00   2.4933324e+01  -5.2591201e-01  -4.5042392e+00  -1.0000000e+00   1.0000000e+00             Inf
   8.9941852e-02   1.2000000e-01   3.0000229e-01   1.3536325e+00   2.4910904e+01  -5.4270087e-01  -4.2176161e+00  -1.0000000e+00   1.0000000e+00             Inf
   9.2607810e-02   1.1999999e-01   3.0214496e-01   1.3358195e+00   2.4986838e+01  -5.4572180e-01  -4.1628140e+00  -1.0000000e+00   1.0000000e+00             Inf
   8.9875196e-02   1.1999998e-01   3.0000204e-01   1.3187179e+00   2.4907550e+01  -5.4883344e-01  -4.1079091e+00  -1.0000000e+00   1.0000000e+00             Inf
   9.1498146e-02   1.1999453e-01   3.0100091e-01   1.3514148e+00   2.4943087e+01  -5.4295939e-01  -4.2113474e+00  -1.0000000e+00   1.0000000e+00             Inf
   7.7054671e-02   1.1999696e-01   3.0063342e-01   7.0679745e-01   2.5309142e+01  -6.3152193e-01  -2.1866944e+00  -1.0000000e+00   1.0000000e+00             Inf
   8.9750165e-02   1.1986295e-01   3.0000000e-01   1.4262861e+00   2.4914940e+01  -5.2918047e-01  -4.4458722e+00  -1.0000000e+00   1.0000000e+00             Inf
   8.9582624e-02   1.1986015e-01   3.0000000e-01   1.4571273e+00   2.4935609e+01  -5.2358695e-01  -4.5426810e+00  -1.0000000e+00   1.0000000e+00             Inf
   8.9856848e-02   1.1999918e-01   3.0000159e-01   1.3186708e+00   2.4907481e+01  -5.4884188e-01  -4.1077538e+00  -1.0000000e+00   1.0000000e+00             Inf
   7.7007039e-02   1.1999996e-01   3.0061925e-01   6.8801542e-01   2.5311309e+01  -6.3312991e-01  -2.1281995e+00  -1.0000000e+00   1.0000000e+00             Inf
   7.6153479e-02   1.1999994e-01   3.0000000e-01   6.6175139e-01   2.5301189e+01  -6.3531861e-01  -2.0463703e+00  -1.0000000e+00   1.0000000e+00             Inf
   8.9858738e-02   1.1999918e-01   3.0000160e-01   1.3186724e+00   2.4907481e+01  -5.4884132e-01  -4.1077597e+00  -1.0000000e+00   1.0000000e+00             Inf
   7.6030521e-02   1.1999994e-01   3.0001405e-01   7.2197468e-01   2.5309535e+01  -6.3027591e-01  -2.2338046e+00  -1.0000000e+00   1.0000000e+00             Inf
   9.1505054e-02   1.1999458e-01   3.0097460e-01   1.3692188e+00   2.4943285e+01  -5.3978748e-01  -4.2672858e+00  -1.0000000e+00   1.0000000e+00             Inf
   9.2620783e-02   1.2000000e-01   3.0215956e-01   1.3811245e+00   2.4984739e+01  -5.3764130e-01  -4.3051804e+00  -1.0000000e+00   1.0000000e+00             Inf
   8.9770981e-02   1.1986008e-01   3.0000000e-01   1.4578490e+00   2.4918358e+01  -5.2330616e-01  -4.5450138e+00  -1.0000000e+00   1.0000000e+00             Inf
   7.6223124e-02   1.1999757e-01   3.0001402e-01   7.6112859e-01   2.5362776e+01  -6.2694541e-01  -2.3556615e+00  -1.0000000e+00   1.0000000e+00             Inf
   9.1086223e-02   1.1999712e-01   3.0109634e-01   1.4104220e+00   2.4945363e+01  -5.3237675e-01  -4.3965190e+00  -1.0000000e+00   1.0000000e+00             Inf
   9.2671697e-02   1.1999999e-01   3.0210566e-01   1.3886851e+00   2.4984625e+01  -5.3627380e-01  -4.3289590e+00  -1.0000000e+00   1.0000000e+00             Inf
   8.9892225e-02   1.1999919e-01   3.0005552e-01   1.3126868e+00   2.4901141e+01  -5.4982149e-01  -4.0889702e+00  -1.0000000e+00   1.0000000e+00             Inf
   8.9074289e-02   1.1999918e-01   3.0162044e-01   1.3134539e+00   2.4908434e+01  -5.4965765e-01  -4.0909786e+00  -1.0000000e+00   1.0000000e+00             Inf
   7.6066700e-02   1.1999994e-01   3.0000022e-01   6.5998104e-01   2.5310288e+01  -6.3549987e-01  -2.0408300e+00  -1.0000000e+00   1.0000000e+00             Inf
   9.1638029e-02   1.2000000e-01   3.0000000e-01   1.3331415e+00   2.4915149e+01  -5.4609235e-01  -4.1540035e+00  -1.0000000e+00   1.0000000e+00             Inf
   9.0654800e-02   1.2000000e-01   3.0000000e-01   1.3213927e+00   2.4919141e+01  -5.4833562e-01  -4.1166604e+00  -1.0000000e+00   1.0000000e+00             Inf
   8.9745803e-02   1.1999916e-01   3.0000159e-01   1.3175091e+00   2.4918419e+01  -5.4914217e-01  -4.1040547e+00  -1.0000000e+00   1.0000000e+00             Inf
   7.7188181e-02   1.1999996e-01   3.0049840e-01   6.9127485e-01   2.5330196e+01  -6.3293891e-01  -2.1383223e+00  -1.0000000e+00   1.0000000e+00             Inf
   8.9648914e-02   1.1999919e-01   3.0000163e-01   1.3237819e+00   2.4909036e+01  -5.4799258e-01  -4.1237159e+00  -1.0000000e+00   1.0000000e+00             Inf
   7.7514425e-02   1.1999793e-01   3.0063533e-01   7.1250812e-01   2.5332859e+01  -6.3111647e-01  -2.2044839e+00  -1.0000000e+00   1.0000000e+00             Inf
   9.1645346e-02   1.2000000e-01   3.0002865e-01   1.2942047e+00   2.4917328e+01  -5.5283667e-01  -4.0316599e+00  -1.0000000e+00   1.0000000e+00             Inf
   9.1910172e-02   1.1999433e-01   3.0098702e-01   1.3854466e+00   2.4947592e+01  -5.3683384e-01  -4.3184508e+00  -1.0000000e+00   1.0000000e+00             Inf
   9.0736571e-02   1.1988721e-01   3.0004966e-01   1.3086232e+00   2.4945497e+01  -5.5044603e-01  -4.0766798e+00  -1.0000000e+00   1.0000000e+00             Inf
   7.0817516e-02   1.2000000e-01   3.4863639e-01   1.0506368e+00   2.4722019e+01  -5.8501599e-01  -3.2590984e+00  -1.0000000e+00   1.0000000e+00             Inf
   7.7229034e-02   1.1999996e-01   3.0155523e-01   6.8251145e-01   2.5341352e+01  -6.3362921e-01  -2.1110273e+00  -1.0000000e+00   1.0000000e+00             Inf
   7.5904771e-02   1.1999997e-01   3.0000000e-01   6.6690795e-01   2.5298528e+01  -6.3489464e-01  -2.0623926e+00  -1.0000000e+00   1.0000000e+00             Inf
   9.1669362e-02   1.1999454e-01   3.0098071e-01   1.3624872e+00   2.4952400e+01  -5.4103490e-01  -4.2462160e+00  -1.0000000e+00   1.0000000e+00             Inf
   8.9916435e-02   1.1988640e-01   3.0004763e-01   1.2639835e+00   2.4906530e+01  -5.5787893e-01  -3.9360683e+00  -1.0000000e+00   1.0000000e+00             Inf
   7.7163016e-02   1.1999996e-01   3.0050464e-01   6.9062334e-01   2.5330173e+01  -6.3299369e-01  -2.1362907e+00  -1.0000000e+00   1.0000000e+00             Inf
   7.6055686e-02   1.1999994e-01   3.0000781e-01   7.2262618e-01   2.5309558e+01  -6.3021903e-01  -2.2358374e+00  -1.0000000e+00   1.0000000e+00             Inf
   7.6897041e-02   1.1999996e-01   3.0049954e-01   6.8075151e-01   2.5318998e+01  -6.3377883e-01  -2.1055524e+00  -1.0000000e+00   1.0000000e+00             Inf
