   1.0000000e-01   1.2000000e-01   3.0000000e-01   1.5000000e+00   2.6365005e+01  -5.2313802e-01  -4.6807440e+00  -1.0000000e+00   1.0000000e+00             Inf
   1.0000000e-01   1.2000000e-01   3.0000000e-01   1.5000000e+00   2.6364729e+01  -5.2313639e-01  -4.6807447e+00  -1.0000000e+00   1.0000000e+00             Inf
   9.9999979e-02   1.2000000e-01   3.0000000e-01   1.5000000e+00   2.6360984e+01  -5.2311434e-01  -4.6807543e+00  -1.0000000e+00   1.0000000e+00             Inf
   1.0000000e-01   1.2000000e-01   3.0000010e-01   1.4838883e+00   2.6392133e+01  -5.2634689e-01  -4.6298377e+00  -1.0000000e+00   1.0000000e+00             Inf
   9.8672966e-02   1.1999632e-01   3.0393970e-01   1.4103452e+00   2.6404273e+01  -5.3961831e-01  -4.3969567e+00  -1.0000000e+00   1.0000000e+00             Inf
   1.0000000e-01   9.1510664e-02   3.0306100e-01   1.5000000e+00   2.6326102e+01  -4.3388831e-01  -4.7237149e+00  -1.0000000e+00   1.0000000e+00             Inf
   9.8673066e-02   1.1999632e-01   3.0393979e-01   1.4103310e+00   2.6404263e+01  -5.3962083e-01  -4.3969121e+00  -1.0000000e+00   1.0000000e+00             Inf
   9.8870724e-02   1.1999995e-01   3.0000000e-01   1.4935407e+00   2.6382765e+01  -5.2456859e-01  -4.6597406e+00  -1.0000000e+00   1.0000000e+00             Inf
   9.9473704e-02   1.1999838e-01   3.0392116e-01   1.3902328e+00   2.6408949e+01  -5.4320787e-01  -4.3339065e+00  -1.0000000e+00   1.0000000e+00             Inf
   1.0000000e-01   1.2000000e-01   3.0000000e-01   1.4329666e+00   2.6400132e+01  -5.3588149e-01  -4.4691386e+00  -1.0000000e+00   1.0000000e+00             Inf
   1.0000000e-01   9.1449612e-02   3.0293968e-01   1.5000000e+00   2.6326295e+01  -4.3371321e-01  -4.7238244e+00  -1.0000000e+00   1.0000000e+00             Inf
   8.5485791e-02   1.2000000e-01   3.0004144e-01   1.4718766e+00   2.6369228e+01  -5.2881807e-01  -4.5834724e+00  -1.0000000e+00   1.0000000e+00             Inf
   9.9490111e-02   1.1999949e-01   3.4864480e-01   9.6429589e-01   2.5969418e+01  -6.0009007e-01  -2.9940211e+00  -1.0000000e+00   1.0000000e+00             Inf
   9.8967234e-02   1.1999829e-01   3.0356346e-01   1.3955368e+00   2.6401822e+01  -5.4231609e-01  -4.3504076e+00  -1.0000000e+00   1.0000000e+00             Inf
   9.9844731e-02   1.1999998e-01   3.5026865e-01   1.0115759e+00   2.5987831e+01  -5.9398084e-01  -3.1425456e+00  -1.0000000e+00   1.0000000e+00             Inf
   9.9391437e-02   1.2000000e-01   3.5071005e-01   1.0292915e+00   2.5983724e+01  -5.9168922e-01  -3.1980864e+00  -1.0000000e+00   1.0000000e+00             Inf
   1.0000000e-01   1.2000000e-01   3.0000010e-01   1.4832290e+00   2.6392123e+01  -5.2647118e-01  -4.6277576e+00  -1.0000000e+00   1.0000000e+00             Inf
   1.0000000e-01   1.2000000e-01   3.0000000e-01   1.5000000e+00   2.6364655e+01  -5.2313595e-01  -4.6807449e+00  -1.0000000e+00   1.0000000e+00             Inf
   9.9583197e-02   1.1999937e-01   3.0000017e-01   1.4843870e+00   2.6390088e+01  -5.2627858e-01  -4.6312047e+00  -1.0000000e+00   1.0000000e+00             Inf
   1.0000000e-01   1.2000000e-01   3.0000000e-01   1.4333086e+00   2.6399405e+01  -5.3581444e-01  -4.4702203e+00  -1.0000000e+00   1.0000000e+00             Inf
   8.5713433e-02   1.2000000e-01   3.0000915e-01   1.4704812e+00   2.6369170e+01  -5.2909550e-01  -4.5792135e+00  -1.0000000e+00   1.0000000e+00             Inf
   1.0000000e-01   9.1263223e-02   3.0298940e-01   1.5000000e+00   2.6327266e+01  -4.3311411e-01  -4.7241356e+00  -1.0000000e+00   1.0000000e+00             Inf
   9.9457442e-02   1.1999838e-01   3.0391324e-01   1.3902927e+00   2.6408928e+01  -5.4319984e-01  -4.3340875e+00  -1.0000000e+00   1.0000000e+00             Inf
   8.5200454e-02   1.2000000e-01   3.0000959e-01   1.4694802e+00   2.6369098e+01  -5.2925861e-01  -4.5757183e+00  -1.0000000e+00   1.0000000e+00             Inf
   9.9340969e-02   1.2000000e-01   3.0000000e-01   1.4942525e+00   2.6382641e+01  -5.2439258e-01  -4.6622293e+00  -1.0000000e+00   1.0000000e+00             Inf
   1.0000000e-01   1.2000000e-01   3.4941553e-01   1.0242401e+00   2.5984126e+01  -5.9236936e-01  -3.1823971e+00  -1.0000000e+00   1.0000000e+00             Inf
   1.0000000e-01   1.1891889e-01   3.0002707e-01   1.5000000e+00   2.6365890e+01  -5.2003918e-01  -4.6821249e+00  -1.0000000e+00   1.0000000e+00             Inf
   1.0000000e-01   1.0102006e-01   3.0000000e-01   1.0706709e+00   2.5939891e+01  -5.4516722e-01  -3.3422453e+00  -1.0000000e+00   1.0000000e+00             Inf
   9.8602459e-02   1.1999552e-01   3.0400241e-01   1.4081358e+00   2.6404032e+01  -5.4001464e-01  -4.3899483e+00  -1.0000000e+00   1.0000000e+00             Inf
   9.8957505e-02   1.1999995e-01   3.0000000e-01   1.4933670e+00   2.6382630e+01  -5.2459347e-01  -4.6592379e+00  -1.0000000e+00   1.0000000e+00             Inf
   9.9999999e-02   1.2000000e-01   3.0000000e-01   1.5000000e+00   2.6364700e+01  -5.2313622e-01  -4.6807448e+00  -1.0000000e+00   1.0000000e+00             Inf
   9.9999981e-02   1.2000000e-01   3.0000000e-01   1.5000000e+00   2.6361012e+01  -5.2311450e-01  -4.6807543e+00  -1.0000000e+00   1.0000000e+00             Inf
   9.9977396e-02   9.0667066e-02   3.0309302e-01   1.5000000e+00   2.6327222e+01  -4.3119187e-01  -4.7251397e+00  -1.0000000e+00   1.0000000e+00             Inf
   1.0000000e-01   1.2000000e-01   3.4899549e-01   1.0092671e+00   2.5971865e+01  -5.9429904e-01  -3.1353873e+00  -1.0000000e+00   1.0000000e+00             Inf
   9.9715646e-02   9.0718704e-02   3.0312373e-01   1.5000000e+00   2.6327834e+01  -4.3138813e-01  -4.7250992e+00  -1.0000000e+00   1.0000000e+00             Inf
   1.0000000e-01   1.2000000e-01   3.0000000e-01   1.4340472e+00   2.6401317e+01  -5.3568950e-01  -4.4725444e+00  -1.0000000e+00   1.0000000e+00             Inf
   1.0000000e-01   1.2000000e-01   3.0000000e-01   1.4989194e+00   2.6363821e+01  -5.2333629e-01  -4.6773380e+00  -1.0000000e+00   1.0000000e+00             Inf
   8.4982568e-02   1.1999999e-01   3.0000000e-01   1.4679237e+00   2.6375522e+01  -5.2957080e-01  -4.5706312e+00  -1.0000000e+00   1.0000000e+00             Inf
   9.9875588e-02   1.1999807e-01   3.5058577e-01   9.5709449e-01   2.5995027e+01  -6.0080133e-01  -2.9714350e+00  -1.0000000e+00   1.0000000e+00             Inf
   1.0000000e-01   8.8031924e-02   3.0350251e-01   1.5000000e+00   2.6338335e+01  -4.2278688e-01  -4.7295715e+00  -1.0000000e+00   1.0000000e+00             Inf
   9.9999981e-02   1.1975841e-01   3.0000000e-01   1.5000000e+00   2.6361233e+01  -5.2242588e-01  -4.6810608e+00  -1.0000000e+00   1.0000000e+00             Inf
   1.0000000e-01   1.2000000e-01   3.4741625e-01   1.0108954e+00   2.5951227e+01  -5.9415111e-01  -3.1405684e+00  -1.0000000e+00   1.0000000e+00             Inf
   9.8776286e-02   1.1999831e-01   3.0346457e-01   1.4060463e+00   2.6401026e+01  -5.4044318e-01  -4.3834692e+00  -1.0000000e+00   1.0000000e+00             Inf
   9.8871693e-02   1.1999993e-01   3.0013266e-01   1.4847455e+00   2.6383494e+01  -5.2621867e-01  -4.6319827e+00  -1.0000000e+00   1.0000000e+00             Inf
   1.0000000e-01   1.2000000e-01   3.0000000e-01   1.4996560e+00   2.6364721e+01  -5.2320168e-01  -4.6796596e+00  -1.0000000e+00   1.0000000e+00             Inf
   9.8826191e-02   1.1999995e-01   3.0000000e-01   1.4938847e+00   2.6382773e+01  -5.2450710e-01  -4.6608028e+00  -1.0000000e+00   1.0000000e+00             Inf
   1.0000000e-01   9.1271524e-02   3.0298791e-01   1.5000000e+00   2.6327236e+01  -4.3314075e-01  -4.7241217e+00  -1.0000000e+00   1.0000000e+00             Inf
   1.0000000e-01   9.1441311e-02   3.0294117e-01   1.5000000e+00   2.6326325e+01  -4.3368657e-01  -4.7238383e+00  -1.0000000e+00   1.0000000e+00             Inf
   9.8871894e-02   1.1999995e-01   3.0000000e-01   1.4935417e+00   2.6382765e+01  -5.2456832e-01  -4.6597443e+00  -1.0000000e+00   1.0000000e+00             Inf
   9.8956334e-02   1.1999995e-01   3.0000000e-01   1.4933660e+00   2.6382629e+01  -5.2459375e-01  -4.6592342e+00  -1.0000000e+00   1.0000000e+00             Inf
