   9.9218038e-02   1.1999987e-01   3.0337706e-01   1.2093922e+00   2.7371087e+01  -5.6753859e-01  -3.7513054e+00  -1.0000000e+00   1.0000000e+00             Inf
   9.9130936e-02   1.2000000e-01   3.0313096e-01   1.2121861e+00   2.7349768e+01  -5.6707170e-01  -3.7601924e+00  -1.0000000e+00   1.0000000e+00             Inf
   9.9660041e-02   1.2000000e-01   3.0618190e-01   1.3439070e+00   2.6835231e+01  -5.4237742e-01  -4.1782198e+00  -1.0000000e+00   1.0000000e+00             Inf
   9.4512935e-02   1.1999698e-01   3.0212572e-01   1.1476140e+00   2.7186794e+01  -5.7676295e-01  -3.5561715e+00  -1.0000000e+00   1.0000000e+00             Inf
   1.0000000e-01   1.2000000e-01   3.0283219e-01   1.2219923e+00   2.7428715e+01  -5.6573162e-01  -3.7909857e+00  -1.0000000e+00   1.0000000e+00             Inf
   9.9658923e-02   1.2000000e-01   3.0617093e-01   1.3440076e+00   2.6828880e+01  -5.4233371e-01  -4.1785628e+00  -1.0000000e+00   1.0000000e+00             Inf
   9.9131055e-02   1.2000000e-01   3.0313107e-01   1.2121481e+00   2.7352626e+01  -5.6708480e-01  -3.7600565e+00  -1.0000000e+00   1.0000000e+00             Inf
   9.9644914e-02   1.2000000e-01   3.0617696e-01   1.3442604e+00   2.6828945e+01  -5.4228795e-01  -4.1793547e+00  -1.0000000e+00   1.0000000e+00             Inf
   9.9682332e-02   1.2000000e-01   3.0615060e-01   1.3440206e+00   2.6828244e+01  -5.4233043e-01  -4.1786166e+00  -1.0000000e+00   1.0000000e+00             Inf
   9.3751337e-02   1.1999997e-01   3.0261351e-01   1.1846022e+00   2.7053408e+01  -5.7062618e-01  -3.6728529e+00  -1.0000000e+00   1.0000000e+00             Inf
   9.9644421e-02   1.2000000e-01   3.0625415e-01   1.3494074e+00   2.6835597e+01  -5.4137021e-01  -4.1955679e+00  -1.0000000e+00   1.0000000e+00             Inf
   7.6719444e-02   1.0431170e-01   3.0034703e-01   1.5000000e+00   2.4643156e+01  -4.5184069e-01  -4.6894481e+00  -1.0000000e+00   1.0000000e+00             Inf
   9.9638952e-02   1.2000000e-01   3.1306618e-01   1.2811431e+00   2.7016689e+01  -5.5319519e-01  -3.9792777e+00  -1.0000000e+00   1.0000000e+00             Inf
   9.4557891e-02   1.1999946e-01   3.0311255e-01   1.1515908e+00   2.7184280e+01  -5.7603020e-01  -3.5686870e+00  -1.0000000e+00   1.0000000e+00             Inf
   9.9362974e-02   1.1999608e-01   3.0481939e-01   1.2990079e+00   2.6784388e+01  -5.5037318e-01  -4.0367085e+00  -1.0000000e+00   1.0000000e+00             Inf
   9.9658862e-02   1.2000000e-01   3.0622518e-01   1.3435780e+00   2.6837650e+01  -5.4244107e-01  -4.1771703e+00  -1.0000000e+00   1.0000000e+00             Inf
   9.9005822e-02   1.1999550e-01   3.0006325e-01   1.2390859e+00   2.7114249e+01  -5.6244822e-01  -3.8462024e+00  -1.0000000e+00   1.0000000e+00             Inf
   9.9656738e-02   1.2000000e-01   3.0611487e-01   1.3369929e+00   2.6832224e+01  -5.4362476e-01  -4.1564155e+00  -1.0000000e+00   1.0000000e+00             Inf
   9.4641888e-02   1.1999950e-01   3.0258352e-01   1.1542215e+00   2.7186679e+01  -5.7570833e-01  -3.5769782e+00  -1.0000000e+00   1.0000000e+00             Inf
   9.9971560e-02   1.2000000e-01   3.0283645e-01   1.2223698e+00   2.7428684e+01  -5.6566971e-01  -3.7921636e+00  -1.0000000e+00   1.0000000e+00             Inf
   1.0000000e-01   1.2000000e-01   3.0286471e-01   1.2279602e+00   2.7399573e+01  -5.6468805e-01  -3.8099535e+00  -1.0000000e+00   1.0000000e+00             Inf
   9.9475795e-02   1.1999598e-01   3.0462879e-01   1.2993705e+00   2.6774899e+01  -5.5029100e-01  -4.0379397e+00  -1.0000000e+00   1.0000000e+00             Inf
   9.4289825e-02   1.1999720e-01   3.0213215e-01   1.1498258e+00   2.7189048e+01  -5.7641731e-01  -3.5630219e+00  -1.0000000e+00   1.0000000e+00             Inf
   5.0000000e-02   1.0225909e-01   3.0008686e-01   1.3975481e+00   2.6819870e+01  -4.7746381e-01  -4.3545038e+00  -1.0000000e+00   1.0000000e+00             Inf
   1.0000000e-01   1.2000000e-01   3.0278156e-01   1.2293553e+00   2.7406362e+01  -5.6448937e-01  -3.8143118e+00  -1.0000000e+00   1.0000000e+00             Inf
   1.0000000e-01   1.2000000e-01   3.0286173e-01   1.2277882e+00   2.7407352e+01  -5.6473575e-01  -3.8093672e+00  -1.0000000e+00   1.0000000e+00             Inf
   9.3551480e-02   1.1999997e-01   3.0261472e-01   1.1784635e+00   2.7052821e+01  -5.7157937e-01  -3.6534745e+00  -1.0000000e+00   1.0000000e+00             Inf
   9.4271088e-02   1.1999952e-01   3.0262248e-01   1.1543160e+00   2.7187671e+01  -5.7566853e-01  -3.5771243e+00  -1.0000000e+00   1.0000000e+00             Inf
   9.9205919e-02   1.1999987e-01   3.0337390e-01   1.2077532e+00   2.7365341e+01  -5.6778739e-01  -3.7461719e+00  -1.0000000e+00   1.0000000e+00             Inf
   9.4682446e-02   1.1999950e-01   3.0258242e-01   1.1554830e+00   2.7192456e+01  -5.7553005e-01  -3.5809264e+00  -1.0000000e+00   1.0000000e+00             Inf
   9.9616059e-02   1.2000000e-01   3.0630248e-01   1.3503913e+00   2.6837069e+01  -5.4119171e-01  -4.1986542e+00  -1.0000000e+00   1.0000000e+00             Inf
   9.9365711e-02   1.1999643e-01   3.0484695e-01   1.3046517e+00   2.6802913e+01  -5.4945485e-01  -4.0544300e+00  -1.0000000e+00   1.0000000e+00             Inf
   9.3553727e-02   1.1999997e-01   3.0240701e-01   1.1735650e+00   2.7054441e+01  -5.7237873e-01  -3.6380699e+00  -1.0000000e+00   1.0000000e+00             Inf
   1.0000000e-01   1.2000000e-01   3.0288224e-01   1.2209488e+00   2.7426154e+01  -5.6588721e-01  -3.7877126e+00  -1.0000000e+00   1.0000000e+00             Inf
   9.9611968e-02   1.2000000e-01   3.0637184e-01   1.3565220e+00   2.6832662e+01  -5.4004400e-01  -4.2180167e+00  -1.0000000e+00   1.0000000e+00             Inf
   9.4296373e-02   1.1999721e-01   3.0209040e-01   1.1477199e+00   2.7195408e+01  -5.7675695e-01  -3.5563726e+00  -1.0000000e+00   1.0000000e+00             Inf
   9.9199371e-02   1.1999986e-01   3.0341564e-01   1.2098592e+00   2.7358981e+01  -5.6742900e-01  -3.7528363e+00  -1.0000000e+00   1.0000000e+00             Inf
   9.4836397e-02   1.1999943e-01   3.0312088e-01   1.1520331e+00   2.7187295e+01  -5.7598360e-01  -3.5701679e+00  -1.0000000e+00   1.0000000e+00             Inf
   9.9227138e-02   1.2000000e-01   3.0306791e-01   1.2059482e+00   2.7353342e+01  -5.6808903e-01  -3.7405685e+00  -1.0000000e+00   1.0000000e+00             Inf
   9.4851834e-02   1.1999949e-01   3.0305792e-01   1.1480550e+00   2.7185124e+01  -5.7659445e-01  -3.5576858e+00  -1.0000000e+00   1.0000000e+00             Inf
   9.9227332e-02   1.2000000e-01   3.0306060e-01   1.2072477e+00   2.7355597e+01  -5.6788788e-01  -3.7446478e+00  -1.0000000e+00   1.0000000e+00             Inf
   9.9225173e-02   1.2000000e-01   3.0308824e-01   1.2040716e+00   2.7402687e+01  -5.6850276e-01  -3.7343789e+00  -1.0000000e+00   1.0000000e+00             Inf
   9.3495412e-02   1.1999997e-01   3.0224752e-01   1.1713604e+00   2.7051375e+01  -5.7273348e-01  -3.6311348e+00  -1.0000000e+00   1.0000000e+00             Inf
   9.9719397e-02   1.2000000e-01   3.0643658e-01   1.3605165e+00   2.6818142e+01  -5.3923422e-01  -4.2307235e+00  -1.0000000e+00   1.0000000e+00             Inf
   9.9144334e-02   1.2000000e-01   3.0313511e-01   1.2121748e+00   2.7352292e+01  -5.6707928e-01  -3.7601479e+00  -1.0000000e+00   1.0000000e+00             Inf
   9.9810508e-02   1.2000000e-01   3.0275825e-01   1.2290506e+00   2.7401661e+01  -5.6452943e-01  -3.8133013e+00  -1.0000000e+00   1.0000000e+00             Inf
   9.3684903e-02   1.1999997e-01   3.0227083e-01   1.1716651e+00   2.7056076e+01  -5.7270539e-01  -3.6321429e+00  -1.0000000e+00   1.0000000e+00             Inf
   9.3804668e-02   1.1999997e-01   3.0258035e-01   1.1820348e+00   2.7051871e+01  -5.7103499e-01  -3.6648104e+00  -1.0000000e+00   1.0000000e+00             Inf
   9.9481565e-02   1.1999616e-01   3.0465276e-01   1.3009922e+00   2.6777874e+01  -5.5001548e-01  -4.0430431e+00  -1.0000000e+00   1.0000000e+00             Inf
   9.4750184e-02   1.1999946e-01   3.0311218e-01   1.1544397e+00   2.7185289e+01  -5.7560786e-01  -3.5777086e+00  -1.0000000e+00   1.0000000e+00             Inf
