   9.2498608e-02   1.2000000e-01   3.0000000e-01   1.2910025e+00   2.6178594e+01  -5.1191969e-01  -3.9977267e+00  -1.0000000e+00   1.0000000e+00             Inf
   5.0000000e-02   8.1477762e-02   4.3626808e-01   1.5000000e+00   2.6216300e+01  -3.7299695e-01  -4.7095339e+00  -1.0000000e+00   1.0000000e+00             Inf
   5.0000000e-02   1.1052598e-01   4.3791173e-01   1.5000000e+00   2.6102255e+01  -4.3628505e-01  -4.6504253e+00  -1.0000000e+00   1.0000000e+00             Inf
   7.3897045e-02   1.1999997e-01   3.8527985e-01   1.0700757e+00   2.6057265e+01  -5.3317603e-01  -3.3038100e+00  -1.0000000e+00   1.0000000e+00             Inf
   5.0000000e-02   1.1999913e-01   3.6640422e-01   1.4482161e+00   2.6307439e+01  -4.7371727e-01  -4.4788504e+00  -1.0000000e+00   1.0000000e+00             Inf
   5.0000000e-02   8.0203940e-02   4.3598735e-01   1.5000000e+00   2.6214741e+01  -3.7024101e-01  -4.7123271e+00  -1.0000000e+00   1.0000000e+00             Inf
   8.6864151e-02   1.1999966e-01   3.0001980e-01   1.3337612e+00   2.6002923e+01  -5.0311285e-01  -4.1308128e+00  -1.0000000e+00   1.0000000e+00             Inf
   7.4947326e-02   1.1997772e-01   3.0065017e-01   1.3822578e+00   2.6236886e+01  -4.9445055e-01  -4.2804898e+00  -1.0000000e+00   1.0000000e+00             Inf
   5.0011633e-02   8.1354396e-02   4.3462916e-01   1.4999975e+00   2.6217471e+01  -3.7286385e-01  -4.7098665e+00  -1.0000000e+00   1.0000000e+00             Inf
   1.0000000e-01   1.2000000e-01   3.2525730e-01   8.1971873e-01   2.6489420e+01  -5.8326212e-01  -2.5231731e+00  -1.0000000e+00   1.0000000e+00             Inf
   7.4944773e-02   1.1997790e-01   3.0064372e-01   1.3823536e+00   2.6236873e+01  -4.9443470e-01  -4.2807887e+00  -1.0000000e+00   1.0000000e+00             Inf
   7.5485331e-02   1.1997463e-01   3.0000645e-01   1.3444464e+00   2.6237504e+01  -5.0130636e-01  -4.1625778e+00  -1.0000000e+00   1.0000000e+00             Inf
   7.5660903e-02   1.2000000e-01   3.0000000e-01   1.3724099e+00   2.6236161e+01  -4.9642773e-01  -4.2498946e+00  -1.0000000e+00   1.0000000e+00             Inf
   7.5529076e-02   1.1997657e-01   3.0009663e-01   1.3185875e+00   2.6234102e+01  -5.0584635e-01  -4.0818628e+00  -1.0000000e+00   1.0000000e+00             Inf
   7.3330794e-02   1.1997823e-01   3.0138736e-01   1.4003453e+00   2.6240241e+01  -4.9101665e-01  -4.3366115e+00  -1.0000000e+00   1.0000000e+00             Inf
   8.7071327e-02   1.1999945e-01   3.0000000e-01   1.3350689e+00   2.6007798e+01  -5.0289434e-01  -4.1349228e+00  -1.0000000e+00   1.0000000e+00             Inf
   8.6459508e-02   1.2000000e-01   3.0117021e-01   1.3200092e+00   2.6009660e+01  -5.0552728e-01  -4.0877661e+00  -1.0000000e+00   1.0000000e+00             Inf
   9.7978666e-02   1.2000000e-01   3.2500276e-01   8.3277517e-01   2.6497000e+01  -5.8172638e-01  -2.5642166e+00  -1.0000000e+00   1.0000000e+00             Inf
   5.0374672e-02   1.1999911e-01   3.6745745e-01   1.4383462e+00   2.6307892e+01  -4.7501262e-01  -4.4480015e+00  -1.0000000e+00   1.0000000e+00             Inf
   5.0000683e-02   8.2792821e-02   4.3649762e-01   1.5000000e+00   2.6222827e+01  -3.7590925e-01  -4.7066530e+00  -1.0000000e+00   1.0000000e+00             Inf
   7.5644096e-02   1.1999979e-01   3.0000000e-01   1.3724477e+00   2.6236154e+01  -4.9641884e-01  -4.2500096e+00  -1.0000000e+00   1.0000000e+00             Inf
   7.6079126e-02   1.2000000e-01   3.0000000e-01   1.3699835e+00   2.6240913e+01  -4.9691712e-01  -4.2423966e+00  -1.0000000e+00   1.0000000e+00             Inf
   7.4996705e-02   1.1997628e-01   3.0000000e-01   1.3293148e+00   2.6234330e+01  -5.0390399e-01  -4.1152552e+00  -1.0000000e+00   1.0000000e+00             Inf
   9.2683539e-02   1.1999986e-01   3.0000000e-01   1.2902904e+00   2.6179841e+01  -5.1205415e-01  -3.9955093e+00  -1.0000000e+00   1.0000000e+00             Inf
   7.6795021e-02   1.1991576e-01   3.0000000e-01   1.3345323e+00   2.6241510e+01  -5.0306225e-01  -4.1319092e+00  -1.0000000e+00   1.0000000e+00             Inf
   7.3492744e-02   1.1997687e-01   3.0025661e-01   1.3860011e+00   2.6236837e+01  -4.9371694e-01  -4.2919180e+00  -1.0000000e+00   1.0000000e+00             Inf
   9.8248747e-02   1.1999968e-01   3.2509562e-01   8.2928289e-01   2.6499129e+01  -5.8216131e-01  -2.5532823e+00  -1.0000000e+00   1.0000000e+00             Inf
   8.6968954e-02   1.1999945e-01   3.0025108e-01   1.3474601e+00   2.6007362e+01  -5.0051390e-01  -4.1735946e+00  -1.0000000e+00   1.0000000e+00             Inf
   7.7101644e-02   1.1999705e-01   3.0234382e-01   1.3617402e+00   2.6235227e+01  -4.9809345e-01  -4.2167124e+00  -1.0000000e+00   1.0000000e+00             Inf
   7.5578469e-02   1.1999975e-01   3.0000000e-01   1.3724824e+00   2.6236167e+01  -4.9640667e-01  -4.2501057e+00  -1.0000000e+00   1.0000000e+00             Inf
   7.3340043e-02   1.1997907e-01   3.0030638e-01   1.4087808e+00   2.6247545e+01  -4.8971611e-01  -4.3630226e+00  -1.0000000e+00   1.0000000e+00             Inf
   7.3520705e-02   1.1997676e-01   3.0025733e-01   1.3859949e+00   2.6236866e+01  -4.9372022e-01  -4.2919042e+00  -1.0000000e+00   1.0000000e+00             Inf
   7.5550508e-02   1.1999986e-01   3.0000000e-01   1.3724886e+00   2.6236137e+01  -4.9640324e-01  -4.2501197e+00  -1.0000000e+00   1.0000000e+00             Inf
   7.5260352e-02   1.1997607e-01   3.0000000e-01   1.3288269e+00   2.6249711e+01  -5.0407762e-01  -4.1137709e+00  -1.0000000e+00   1.0000000e+00             Inf
   1.0000000e-01   1.1999966e-01   3.2476035e-01   8.3105650e-01   2.6485483e+01  -5.8187483e-01  -2.5585214e+00  -1.0000000e+00   1.0000000e+00             Inf
   9.1547677e-02   1.2000000e-01   3.0000000e-01   1.2967775e+00   2.6177987e+01  -5.1085405e-01  -4.0157338e+00  -1.0000000e+00   1.0000000e+00             Inf
   9.1749417e-02   1.1999998e-01   3.0000000e-01   1.3026926e+00   2.6181738e+01  -5.0976617e-01  -4.0342429e+00  -1.0000000e+00   1.0000000e+00             Inf
   7.6899904e-02   1.1999707e-01   3.0238096e-01   1.3558251e+00   2.6231476e+01  -4.9911365e-01  -4.1982066e+00  -1.0000000e+00   1.0000000e+00             Inf
   5.0876426e-02   1.1021295e-01   4.3356833e-01   1.5000000e+00   2.6102321e+01  -4.3570211e-01  -4.6510794e+00  -1.0000000e+00   1.0000000e+00             Inf
   9.1693742e-02   1.2000000e-01   3.0000000e-01   1.2961703e+00   2.6177923e+01  -5.1096549e-01  -4.0138439e+00  -1.0000000e+00   1.0000000e+00             Inf
   7.5661586e-02   1.1999999e-01   3.0000000e-01   1.3724082e+00   2.6236161e+01  -4.9642806e-01  -4.2498895e+00  -1.0000000e+00   1.0000000e+00             Inf
   7.5577786e-02   1.1999977e-01   3.0000000e-01   1.3724841e+00   2.6236167e+01  -4.9640634e-01  -4.2501108e+00  -1.0000000e+00   1.0000000e+00             Inf
   9.9906238e-02   1.1999512e-01   3.5827988e-01   9.5656340e-01   2.6411035e+01  -5.5941570e-01  -2.9496891e+00  -1.0000000e+00   1.0000000e+00             Inf
   8.6194746e-02   1.2000000e-01   3.0001968e-01   1.3329168e+00   2.5992925e+01  -5.0321688e-01  -4.1280995e+00  -1.0000000e+00   1.0000000e+00             Inf
   8.7692434e-02   1.2000000e-01   3.0000000e-01   1.3385455e+00   2.5981660e+01  -5.0211248e-01  -4.1458156e+00  -1.0000000e+00   1.0000000e+00             Inf
   7.4395993e-02   1.1997653e-01   3.0065053e-01   1.3814519e+00   2.6236190e+01  -4.9454023e-01  -4.2778676e+00  -1.0000000e+00   1.0000000e+00             Inf
   9.2578083e-02   1.1999986e-01   3.0000000e-01   1.3165839e+00   2.6176668e+01  -5.0711726e-01  -4.0777272e+00  -1.0000000e+00   1.0000000e+00             Inf
   9.7355871e-02   1.1999986e-01   3.2665134e-01   8.4706148e-01   2.6504320e+01  -5.7966872e-01  -2.6088297e+00  -1.0000000e+00   1.0000000e+00             Inf
   7.5018788e-02   1.1997667e-01   3.0000000e-01   1.3671655e+00   2.6228869e+01  -4.9720447e-01  -4.2334196e+00  -1.0000000e+00   1.0000000e+00             Inf
   7.2929914e-02   1.2000000e-01   3.0000000e-01   1.4073164e+00   2.6243889e+01  -4.9003712e-01  -4.3583642e+00  -1.0000000e+00   1.0000000e+00             Inf
