   7.4162511e-02   1.1999996e-01   3.1544517e-01   1.3983244e+00   2.4875409e+01  -5.3295123e-01  -4.3492896e+00  -1.0000000e+00   1.0000000e+00             Inf
   6.6745454e-02   1.1994090e-01   3.0000000e-01   1.4916347e+00   2.5009502e+01  -5.1758298e-01  -4.6382686e+00  -1.0000000e+00   1.0000000e+00             Inf
   7.7731330e-02   1.2000000e-01   3.0000000e-01   1.0373018e+00   2.5299553e+01  -5.9577907e-01  -3.2188858e+00  -1.0000000e+00   1.0000000e+00             Inf
   9.8789895e-02   1.2000000e-01   3.0019481e-01   1.2563014e+00   2.5321827e+01  -5.6080146e-01  -3.9152853e+00  -1.0000000e+00   1.0000000e+00             Inf
   7.8855313e-02   1.2000000e-01   3.0000000e-01   1.0615968e+00   2.5442657e+01  -5.9318432e-01  -3.2948607e+00  -1.0000000e+00   1.0000000e+00             Inf
   9.1310856e-02   1.2000000e-01   3.1539437e-01   8.8933930e-01   2.5559436e+01  -6.1240094e-01  -2.7589561e+00  -1.0000000e+00   1.0000000e+00             Inf
   7.9060386e-02   1.2000000e-01   3.0000000e-01   1.0847687e+00   2.5377626e+01  -5.8967588e-01  -3.3677712e+00  -1.0000000e+00   1.0000000e+00             Inf
   7.9062773e-02   1.2000000e-01   3.0002003e-01   1.0906589e+00   2.5365852e+01  -5.8878675e-01  -3.3862679e+00  -1.0000000e+00   1.0000000e+00             Inf
   7.9079141e-02   1.2000000e-01   3.0000000e-01   1.0955744e+00   2.5366370e+01  -5.8809444e-01  -3.4016727e+00  -1.0000000e+00   1.0000000e+00             Inf
   6.8272850e-02   1.1993892e-01   3.0000000e-01   1.4760660e+00   2.4997925e+01  -5.2062491e-01  -4.5902463e+00  -1.0000000e+00   1.0000000e+00             Inf
   7.8897782e-02   1.2000000e-01   3.0000000e-01   1.1181897e+00   2.5358185e+01  -5.8479198e-01  -3.4724802e+00  -1.0000000e+00   1.0000000e+00             Inf
   7.9081716e-02   1.2000000e-01   3.0000000e-01   1.0960484e+00   2.5366562e+01  -5.8802797e-01  -3.4031580e+00  -1.0000000e+00   1.0000000e+00             Inf
   7.9055531e-02   1.2000000e-01   3.0002003e-01   1.0904087e+00   2.5365574e+01  -5.8882067e-01  -3.3854818e+00  -1.0000000e+00   1.0000000e+00             Inf
   6.6427619e-02   1.1994252e-01   3.0000000e-01   1.4619708e+00   2.5002051e+01  -5.2312088e-01  -4.5447955e+00  -1.0000000e+00   1.0000000e+00             Inf
   7.8394790e-02   1.1999071e-01   3.0000000e-01   1.0943131e+00   2.5380395e+01  -5.8830316e-01  -3.3973657e+00  -1.0000000e+00   1.0000000e+00             Inf
   6.6722552e-02   1.1994129e-01   3.0025857e-01   1.4912384e+00   2.5008036e+01  -5.1761231e-01  -4.6370036e+00  -1.0000000e+00   1.0000000e+00             Inf
   9.0731228e-02   1.1999988e-01   3.1287294e-01   8.4419630e-01   2.5544218e+01  -6.1743854e-01  -2.6175025e+00  -1.0000000e+00   1.0000000e+00             Inf
   9.7924151e-02   1.2000000e-01   3.0000000e-01   5.9771132e-01   2.4809543e+01  -6.3381678e-01  -1.8490799e+00  -1.0000000e+00   1.0000000e+00             Inf
   7.9095491e-02   1.2000000e-01   3.0000000e-01   1.0966635e+00   2.5368234e+01  -5.8794873e-01  -3.4050850e+00  -1.0000000e+00   1.0000000e+00             Inf
   7.8838964e-02   1.2000000e-01   3.0000000e-01   1.0605077e+00   2.5440793e+01  -5.9332420e-01  -3.2914510e+00  -1.0000000e+00   1.0000000e+00             Inf
   7.8127315e-02   1.2000000e-01   3.0000000e-01   1.0993224e+00   2.5401454e+01  -5.8769768e-01  -3.4128484e+00  -1.0000000e+00   1.0000000e+00             Inf
   8.0257509e-02   1.1999771e-01   3.0001783e-01   1.0740870e+00   2.5372669e+01  -5.9114878e-01  -3.3348424e+00  -1.0000000e+00   1.0000000e+00             Inf
   7.7994415e-02   1.2000000e-01   3.0002573e-01   1.0985407e+00   2.5401448e+01  -5.8780099e-01  -3.4103388e+00  -1.0000000e+00   1.0000000e+00             Inf
   6.7640320e-02   1.1993752e-01   3.0000000e-01   1.4654420e+00   2.5012577e+01  -5.2265168e-01  -4.5564452e+00  -1.0000000e+00   1.0000000e+00             Inf
   7.8171033e-02   1.2000000e-01   3.0000000e-01   1.1229166e+00   2.5399398e+01  -5.8427462e-01  -3.4867910e+00  -1.0000000e+00   1.0000000e+00             Inf
   7.4140907e-02   1.1999996e-01   3.1507211e-01   1.3812157e+00   2.4874365e+01  -5.3615621e-01  -4.2956187e+00  -1.0000000e+00   1.0000000e+00             Inf
   7.8893949e-02   1.2000000e-01   3.0000000e-01   1.1181871e+00   2.5358172e+01  -5.8479221e-01  -3.4724702e+00  -1.0000000e+00   1.0000000e+00             Inf
   7.4144045e-02   1.1999996e-01   3.1484568e-01   1.4026481e+00   2.4871704e+01  -5.3220743e-01  -4.3628621e+00  -1.0000000e+00   1.0000000e+00             Inf
   7.8168663e-02   1.2000000e-01   3.0014838e-01   1.1156195e+00   2.5401768e+01  -5.8533382e-01  -3.4639172e+00  -1.0000000e+00   1.0000000e+00             Inf
   9.0578451e-02   1.1999988e-01   3.1246649e-01   8.3562857e-01   2.5534534e+01  -6.1832630e-01  -2.5906820e+00  -1.0000000e+00   1.0000000e+00             Inf
   7.4662771e-02   1.2000000e-01   3.1569283e-01   1.3939425e+00   2.4907191e+01  -5.3395439e-01  -4.3357993e+00  -1.0000000e+00   1.0000000e+00             Inf
   9.0515150e-02   1.2000000e-01   3.1503142e-01   8.8666978e-01   2.5570215e+01  -6.1291335e-01  -2.7503823e+00  -1.0000000e+00   1.0000000e+00             Inf
   7.9850907e-02   1.2000000e-01   3.0001986e-01   1.0818092e+00   2.5376790e+01  -5.9009587e-01  -3.3588468e+00  -1.0000000e+00   1.0000000e+00             Inf
   9.8721992e-02   1.2000000e-01   3.0017495e-01   1.2604702e+00   2.5322110e+01  -5.6014306e-01  -3.9283866e+00  -1.0000000e+00   1.0000000e+00             Inf
   7.9908826e-02   1.2000000e-01   3.0000346e-01   1.0927390e+00   2.5367909e+01  -5.8851574e-01  -3.3931505e+00  -1.0000000e+00   1.0000000e+00             Inf
   9.7908656e-02   1.2000000e-01   3.0017150e-01   1.2643947e+00   2.5322434e+01  -5.5970447e-01  -3.9404286e+00  -1.0000000e+00   1.0000000e+00             Inf
   7.4324186e-02   1.1999996e-01   3.1517809e-01   1.3982404e+00   2.4874420e+01  -5.3300594e-01  -4.3491275e+00  -1.0000000e+00   1.0000000e+00             Inf
   7.9081350e-02   1.2000000e-01   3.0000000e-01   1.0960138e+00   2.5366555e+01  -5.8803286e-01  -3.4030494e+00  -1.0000000e+00   1.0000000e+00             Inf
   7.9079507e-02   1.2000000e-01   3.0000000e-01   1.0956091e+00   2.5366377e+01  -5.8808956e-01  -3.4017814e+00  -1.0000000e+00   1.0000000e+00             Inf
   7.7315208e-02   1.2000000e-01   3.0006865e-01   1.0403242e+00   2.5332406e+01  -5.9550615e-01  -3.2280551e+00  -1.0000000e+00   1.0000000e+00             Inf
   7.9055575e-02   1.2000000e-01   3.0001949e-01   1.0902285e+00   2.5366162e+01  -5.8884905e-01  -3.3849152e+00  -1.0000000e+00   1.0000000e+00             Inf
   7.8846162e-02   1.2000000e-01   3.0000054e-01   1.0609381e+00   2.5440483e+01  -5.9326417e-01  -3.2928030e+00  -1.0000000e+00   1.0000000e+00             Inf
   7.7313242e-02   1.2000000e-01   3.0006839e-01   1.0417938e+00   2.5343620e+01  -5.9536002e-01  -3.2326109e+00  -1.0000000e+00   1.0000000e+00             Inf
   7.4150710e-02   1.1999996e-01   3.1483316e-01   1.3620038e+00   2.4880987e+01  -5.3974688e-01  -4.2353693e+00  -1.0000000e+00   1.0000000e+00             Inf
   6.8064673e-02   1.1993753e-01   3.0000000e-01   1.4681388e+00   2.5001447e+01  -5.2212179e-01  -4.5651953e+00  -1.0000000e+00   1.0000000e+00             Inf
   7.4084999e-02   1.1999996e-01   3.1504927e-01   1.3864496e+00   2.4887220e+01  -5.3527301e-01  -4.3119920e+00  -1.0000000e+00   1.0000000e+00             Inf
   7.4140836e-02   1.1999995e-01   3.1507524e-01   1.3812326e+00   2.4873992e+01  -5.3615030e-01  -4.2956721e+00  -1.0000000e+00   1.0000000e+00             Inf
   6.6000702e-02   1.1994127e-01   3.0057248e-01   1.4920565e+00   2.5007219e+01  -5.1732877e-01  -4.6391341e+00  -1.0000000e+00   1.0000000e+00             Inf
   7.4872560e-02   1.1999998e-01   3.1451925e-01   1.3611857e+00   2.4881804e+01  -5.3998009e-01  -4.2332247e+00  -1.0000000e+00   1.0000000e+00             Inf
   9.8477125e-02   1.2000000e-01   3.0019315e-01   1.2553894e+00   2.5324716e+01  -5.6105178e-01  -3.9122923e+00  -1.0000000e+00   1.0000000e+00             Inf
