   9.8671416e-02   1.2000000e-01   3.0343930e-01   7.2358639e-01   2.6704896e+01  -6.2708307e-01  -2.2327104e+00  -1.0000000e+00   1.0000000e+00             Inf
   9.7589988e-02   1.2000000e-01   3.0000000e-01   8.1307716e-01   2.6673112e+01  -6.1881270e-01  -2.5118132e+00  -1.0000000e+00   1.0000000e+00             Inf
   9.5093288e-02   1.1978482e-01   3.0000000e-01   8.4628635e-01   2.6760950e+01  -6.1545634e-01  -2.6149459e+00  -1.0000000e+00   1.0000000e+00             Inf
   9.9748058e-02   1.1998859e-01   3.2514171e-01   1.4582040e+00   2.7746885e+01  -5.2274733e-01  -4.5349621e+00  -1.0000000e+00   1.0000000e+00             Inf
   6.0399285e-02   1.1971862e-01   3.0390039e-01   1.0165779e+00   2.4585602e+01  -5.8286018e-01  -3.1457959e+00  -1.0000000e+00   1.0000000e+00             Inf
   9.8644561e-02   1.1999468e-01   3.0270221e-01   7.2061901e-01   2.6712377e+01  -6.2744140e-01  -2.2234348e+00  -1.0000000e+00   1.0000000e+00             Inf
   9.8644607e-02   1.1999467e-01   3.0262703e-01   7.2028642e-01   2.6711951e+01  -6.2747695e-01  -2.2223991e+00  -1.0000000e+00   1.0000000e+00             Inf
   9.9654790e-02   1.1998849e-01   3.2506589e-01   1.4550139e+00   2.7711804e+01  -5.2325310e-01  -4.5250253e+00  -1.0000000e+00   1.0000000e+00             Inf
   9.5222335e-02   1.2000000e-01   3.0025408e-01   8.0597821e-01   2.6768928e+01  -6.2003429e-01  -2.4890566e+00  -1.0000000e+00   1.0000000e+00             Inf
   9.8659235e-02   1.1999496e-01   3.0261716e-01   6.8934766e-01   2.6725876e+01  -6.3027384e-01  -2.1260130e+00  -1.0000000e+00   1.0000000e+00             Inf
   9.4429091e-02   1.1978543e-01   3.0033603e-01   8.5442456e-01   2.6796319e+01  -6.1467742e-01  -2.6401309e+00  -1.0000000e+00   1.0000000e+00             Inf
   1.0000000e-01   1.1999467e-01   3.2432815e-01   1.4750248e+00   2.7646157e+01  -5.1938445e-01  -4.5889474e+00  -1.0000000e+00   1.0000000e+00             Inf
   9.5154754e-02   1.1999966e-01   3.0000000e-01   7.8423527e-01   2.6748080e+01  -6.2218346e-01  -2.4212959e+00  -1.0000000e+00   1.0000000e+00             Inf
   9.5363579e-02   1.1999995e-01   3.2292023e-01   1.1775546e+00   2.4921846e+01  -5.5916749e-01  -3.6572538e+00  -1.0000000e+00   1.0000000e+00             Inf
   9.9513744e-02   1.2000000e-01   3.2434987e-01   1.4528163e+00   2.7701185e+01  -5.2377546e-01  -4.5180682e+00  -1.0000000e+00   1.0000000e+00             Inf
   9.7060327e-02   9.3511824e-02   4.0348760e-01   1.5000000e+00   2.7868292e+01  -4.2027020e-01  -4.7095393e+00  -1.0000000e+00   1.0000000e+00             Inf
   9.9835946e-02   1.2000000e-01   3.2528043e-01   1.4591789e+00   2.7747417e+01  -5.2258006e-01  -4.5380686e+00  -1.0000000e+00   1.0000000e+00             Inf
   9.9656408e-02   1.1998829e-01   3.2506314e-01   1.4557903e+00   2.7711811e+01  -5.2310661e-01  -4.5274848e+00  -1.0000000e+00   1.0000000e+00             Inf
   9.9030850e-02   1.1998849e-01   3.2524544e-01   1.4447208e+00   2.7898889e+01  -5.2565438e-01  -4.4909715e+00  -1.0000000e+00   1.0000000e+00             Inf
   9.5209542e-02   1.2000000e-01   3.0445780e-01   7.9944187e-01   2.6748781e+01  -6.2022491e-01  -2.4687696e+00  -1.0000000e+00   1.0000000e+00             Inf
   1.0000000e-01   1.1372928e-01   4.1725873e-01   1.5000000e+00   2.7861271e+01  -4.8121026e-01  -4.6732713e+00  -1.0000000e+00   1.0000000e+00             Inf
   9.8697936e-02   1.1992743e-01   3.0000000e-01   7.9635460e-01   2.6816513e+01  -6.2070864e-01  -2.4592671e+00  -1.0000000e+00   1.0000000e+00             Inf
   9.9656407e-02   1.1998829e-01   3.2506238e-01   1.4558021e+00   2.7711804e+01  -5.2310448e-01  -4.5275222e+00  -1.0000000e+00   1.0000000e+00             Inf
   9.8668616e-02   1.1999243e-01   3.0257066e-01   6.9559202e-01   2.6729297e+01  -6.2973808e-01  -2.1454430e+00  -1.0000000e+00   1.0000000e+00             Inf
   9.4419709e-02   1.1978796e-01   3.0038253e-01   8.4818019e-01   2.6792897e+01  -6.1534513e-01  -2.6206409e+00  -1.0000000e+00   1.0000000e+00             Inf
   9.5154269e-02   1.2000000e-01   3.0000000e-01   7.8441735e-01   2.6748135e+01  -6.2216621e-01  -2.4218634e+00  -1.0000000e+00   1.0000000e+00             Inf
   6.0457407e-02   1.1973294e-01   3.0356522e-01   1.0161846e+00   2.4786305e+01  -5.8372104e-01  -3.1439923e+00  -1.0000000e+00   1.0000000e+00             Inf
   9.8697779e-02   1.2000000e-01   3.0342504e-01   7.6778524e-01   2.6697975e+01  -6.2291456e-01  -2.3705229e+00  -1.0000000e+00   1.0000000e+00             Inf
   9.9973638e-02   1.2000000e-01   3.2441619e-01   1.3607536e+00   2.7782202e+01  -5.4089760e-01  -4.2266097e+00  -1.0000000e+00   1.0000000e+00             Inf
   1.0000000e-01   1.1999475e-01   3.2379021e-01   1.4791843e+00   2.7676574e+01  -5.1877312e-01  -4.6019708e+00  -1.0000000e+00   1.0000000e+00             Inf
   9.9944753e-02   1.2000000e-01   3.2348344e-01   1.4051940e+00   2.7845328e+01  -5.3314922e-01  -4.3666981e+00  -1.0000000e+00   1.0000000e+00             Inf
   9.9654811e-02   1.1999093e-01   3.2132340e-01   1.4475195e+00   2.7689808e+01  -5.2516828e-01  -4.5015363e+00  -1.0000000e+00   1.0000000e+00             Inf
   5.7391983e-02   1.1979832e-01   3.0867365e-01   1.0736365e+00   2.5066184e+01  -5.7469440e-01  -3.3207902e+00  -1.0000000e+00   1.0000000e+00             Inf
   9.7717610e-02   1.2000000e-01   3.0000000e-01   7.5289801e-01   2.6694999e+01  -6.2478026e-01  -2.3239924e+00  -1.0000000e+00   1.0000000e+00             Inf
   9.9649380e-02   1.2000000e-01   3.2419723e-01   1.4571433e+00   2.7678338e+01  -5.2291472e-01  -4.5319711e+00  -1.0000000e+00   1.0000000e+00             Inf
   9.5086826e-02   1.2000000e-01   3.0054634e-01   7.7707652e-01   2.6719734e+01  -6.2275740e-01  -2.3990656e+00  -1.0000000e+00   1.0000000e+00             Inf
   9.9970599e-02   1.1999998e-01   3.2217991e-01   1.3971025e+00   2.7755888e+01  -5.3460005e-01  -4.3417278e+00  -1.0000000e+00   1.0000000e+00             Inf
   9.8644751e-02   1.1999458e-01   3.0272291e-01   7.2159523e-01   2.6713755e+01  -6.2735541e-01  -2.2264725e+00  -1.0000000e+00   1.0000000e+00             Inf
   9.9649544e-02   1.2000000e-01   3.2419830e-01   1.4570705e+00   2.7677032e+01  -5.2292426e-01  -4.5317480e+00  -1.0000000e+00   1.0000000e+00             Inf
   9.5350524e-02   1.2000000e-01   3.2275337e-01   1.1691990e+00   2.4905234e+01  -5.6043812e-01  -3.6310281e+00  -1.0000000e+00   1.0000000e+00             Inf
   9.9972573e-02   1.1999996e-01   3.2439272e-01   1.3612740e+00   2.7782173e+01  -5.4080789e-01  -4.2282542e+00  -1.0000000e+00   1.0000000e+00             Inf
   9.9652082e-02   1.1998866e-01   3.2511258e-01   1.4543583e+00   2.7701349e+01  -5.2333845e-01  -4.5230077e+00  -1.0000000e+00   1.0000000e+00             Inf
   9.9947460e-02   1.1999983e-01   3.2343674e-01   1.4058496e+00   2.7855784e+01  -5.3306113e-01  -4.3687072e+00  -1.0000000e+00   1.0000000e+00             Inf
   9.9972662e-02   1.1993470e-01   3.2504116e-01   1.3673957e+00   2.7782078e+01  -5.3942596e-01  -4.2476545e+00  -1.0000000e+00   1.0000000e+00             Inf
   9.9669910e-02   1.2000000e-01   3.2398203e-01   1.4792943e+00   2.7614879e+01  -5.1853238e-01  -4.6024914e+00  -1.0000000e+00   1.0000000e+00             Inf
   9.5133903e-02   1.2000000e-01   3.0021627e-01   7.6219357e-01   2.6810288e+01  -6.2449572e-01  -2.3523722e+00  -1.0000000e+00   1.0000000e+00             Inf
   9.5093948e-02   1.1978466e-01   3.0000000e-01   8.4400121e-01   2.6760741e+01  -6.1570074e-01  -2.6078099e+00  -1.0000000e+00   1.0000000e+00             Inf
   9.5153610e-02   1.2000000e-01   3.0000000e-01   7.8670248e-01   2.6748345e+01  -6.2194050e-01  -2.4289890e+00  -1.0000000e+00   1.0000000e+00             Inf
   9.9738353e-02   1.2000000e-01   3.2534646e-01   1.3774073e+00   2.7746458e+01  -5.3767525e-01  -4.2793252e+00  -1.0000000e+00   1.0000000e+00             Inf
   9.5389554e-02   1.2000000e-01   3.0000000e-01   7.6776366e-01   2.6783879e+01  -6.2388201e-01  -2.3698446e+00  -1.0000000e+00   1.0000000e+00             Inf
