  -7.4281776e-03   9.8762113e-02  -4.5411999e-01  -2.2455204e+00  -1.5000000e+00   2.4940746e-03   9.8659235e-02   1.1999496e-01   3.0261716e-01   6.8934766e-01   2.6725876e+01   2.9246810e+04   1.5864729e+00   3.9408021e-01   4.1664526e+04
  -3.9999984e-02   1.0000000e-01  -3.1969017e-01  -2.4997025e+00  -1.7203010e+00   2.0000000e-03   5.0000000e-02   1.1908784e-01   3.0000000e-01   6.0995893e-01   2.5591176e+01   2.9236272e+04   1.6320783e+00   1.8810074e-01   3.0432663e+04
  -4.0000000e-02   2.3840983e-02  -4.8054832e-01  -2.4906526e+00  -1.9039468e+00   2.2816616e-02   5.2409019e-02   8.8973146e-02   3.0000000e-01   1.5000000e+00   2.2885896e+01   3.0060667e+04   1.1445699e+00   2.9014347e-01   1.5051743e+03
  -1.2060851e-02   9.9491953e-02  -4.6425858e-01  -2.4687104e+00  -1.5057880e+00   1.6546367e-02   9.9920495e-02   1.1999636e-01   3.0000000e-01   1.5000000e+00   2.6744359e+01   3.0013044e+04   1.1140204e+00   5.6655210e-02   4.4959679e+04
  -3.9999983e-02   9.1588265e-02  -4.1030796e-01  -2.4998207e+00  -1.7696434e+00   2.0000000e-03   7.6520178e-02   1.2000000e-01   3.0000000e-01   5.3556016e-01   2.7926918e+01   2.9271370e+04   1.6339562e+00   1.2646854e-01   1.7080786e+03
  -3.9977827e-02   9.8717683e-02  -4.3792364e-01  -2.5000000e+00  -1.8406356e+00   2.4044626e-02   9.9797836e-02   1.2000000e-01   3.0011727e-01   5.0000000e-01   2.7817627e+01   2.9228952e+04   1.6331467e+00   1.6392017e-04   8.5714387e+03
  -6.1732374e-03   9.9941728e-02  -4.9506257e-01  -2.4999993e+00  -1.5057758e+00   1.7703746e-02   9.1344918e-02   1.1993710e-01   3.0000000e-01   1.2068676e+00   2.6618206e+01   3.0091329e+04   1.1069117e+00   6.1847742e-05   1.6270674e+05
  -3.9470779e-02   2.9352556e-02  -4.0749921e-01  -2.4038118e+00  -1.6726083e+00   2.0828894e-02   5.1778582e-02   8.4275845e-02   3.2433989e-01   1.5000000e+00   2.5897704e+01   3.0074044e+04   1.1094459e+00   3.6814266e-01   1.2219127e+04
  -4.0000000e-02   6.5767648e-02  -3.7749159e-01  -2.4900662e+00  -1.5601930e+00   2.1974194e-03   8.9770981e-02   1.1986008e-01   3.0000000e-01   1.4578490e+00   2.4918358e+01   3.0049529e+04   1.1510556e+00   1.3226678e-02   7.7554408e+04
  -1.2744966e-02   9.9885205e-02  -4.1040704e-01  -2.4819588e+00  -1.5112900e+00   1.4018494e-02   7.7308663e-02   8.0228186e-02   3.0000093e-01   1.5000000e+00   2.0287061e+01   3.0049451e+04   1.1456555e+00   2.8978089e-02   3.2185139e+02
  -3.9825379e-02   9.0686725e-02  -4.6285078e-01  -2.4879133e+00  -1.6419298e+00   2.4132795e-02   5.0777353e-02   9.2324762e-02   6.3358058e-01   1.5000000e+00   2.7470329e+01   3.0074122e+04   1.1148460e+00   2.5696167e-01   2.7501284e+00
  -3.9979594e-02   8.6737718e-02  -4.9974665e-01  -2.4773042e+00  -1.7927643e+00   1.7525990e-02   9.9202163e-02   1.2000000e-01   3.1720407e-01   1.4008596e+00   2.7587490e+01   3.0027662e+04   1.1491448e+00   1.7007227e-01   8.9576601e+04
  -3.9248601e-02   1.0000000e-01  -3.0718414e-01  -2.3518299e+00  -1.7421674e+00   2.0000000e-03   9.2253034e-02   1.2000000e-01   3.0000000e-01   5.2500930e-01   2.6461373e+01   2.9248283e+04   1.6250278e+00   1.5219967e-01   1.9878181e+04
  -4.0000000e-02   8.1711826e-02  -4.8990407e-01  -2.4743050e+00  -1.7299140e+00   2.0547572e-02   8.1501817e-02   1.2000000e-01   3.3410427e-01   1.4414898e+00   2.7190607e+01   3.0033637e+04   1.1181136e+00   2.6897945e-01   1.2474193e+05
  -4.0000000e-02   6.1967892e-02  -3.3882633e-01  -2.4601467e+00  -1.7501955e+00   2.0668545e-02   9.4296373e-02   1.1999721e-01   3.0209040e-01   1.1477199e+00   2.7195408e+01   2.9229784e+04   1.6273874e+00   1.2500541e-03   1.2964652e+05
  -1.7240305e-02   1.0000000e-01  -4.1379277e-01  -2.4130653e+00  -1.5425350e+00   1.1120106e-02   7.8935385e-02   9.1433820e-02   3.0002491e-01   1.5000000e+00   2.4671355e+01   3.0072181e+04   1.0474035e+00   1.0199094e-01   1.1779841e+00
  -3.9999064e-02   9.6164891e-02  -4.0210206e-01  -2.4992971e+00  -1.8305765e+00   2.7469957e-03   1.0000000e-01   1.1978781e-01   3.0000089e-01   5.0344672e-01   2.7077776e+01   2.9227107e+04   1.6901793e+00   1.7456193e-01   1.4262391e+04
  -3.9999650e-02   6.9483258e-02  -4.0090132e-01  -2.4763702e+00  -1.7639603e+00   2.1958872e-02   5.0000000e-02   8.9617018e-02   4.3558924e-01   1.5000000e+00   2.7396884e+01   3.0050075e+04   1.1485220e+00   3.0832430e-01   8.2116904e+02
  -4.0000000e-02   9.4122574e-02  -4.9766546e-01  -2.4876057e+00  -1.7599214e+00   2.1891502e-02   9.5293094e-02   9.2805992e-02   3.0003217e-01   1.5000000e+00   2.7234694e+01   3.0037631e+04   1.1198977e+00   2.4251665e-01   2.6106343e+02
