   2.9246823e+04   1.6281026e+00   1.1066568e-06   2.2390867e+04   1.0000000e+00   5.9351805e-01
   3.0050115e+04   1.1485456e+00   2.6547788e-06   4.1002894e-01   1.0000000e+00   5.4446791e-01
   3.0073458e+04   1.1119559e+00   6.8497263e-02   8.3972848e-02   1.0000000e+00   9.9999704e-01
   2.9223391e+04   1.6420631e+00   9.4864346e-08   7.0281256e+04   1.0000000e+00             Inf
   3.0037591e+04   1.1198740e+00   3.0324207e-01   2.4931432e-02   1.0000000e+00             Inf
   2.9226026e+04   1.6348704e+00   8.4001708e-07   4.1713169e+04   1.0000000e+00   6.8141412e-01
   3.0050026e+04   1.1259164e+00   3.6608218e-01   2.5069922e-02   2.0000000e+00             Inf
   3.0048846e+04   1.1602470e+00   2.1789011e-01   1.2688378e-01   2.0000000e+00   8.3937786e-01
   3.0048820e+04   1.2259338e+00   1.6041274e-05   1.7756135e+00   2.0000000e+00   3.1041063e-01
   2.9221274e+04   1.6462114e+00   1.6502423e-06   6.6415672e+04   2.0000000e+00   3.8754196e-01
   2.9248259e+04   1.6378822e+00   5.3671381e-06   1.5566586e+04   2.0000000e+00   6.1248471e-01
   2.9225830e+04   1.6256269e+00   1.1077052e-07   1.0391367e+05   2.0000000e+00             Inf
   3.0050021e+04   1.1253347e+00   5.8803654e-02   7.7967270e-01   2.0000000e+00   5.9516676e-01
   2.9223379e+04   1.6417466e+00   1.9917632e-06   6.3643309e+04   2.0000000e+00   4.8934997e-01
   3.0057320e+04   1.2248639e+00   2.1884523e-01   1.9829136e-01   3.0000000e+00             Inf
   3.0050118e+04   1.1491724e+00   5.3687180e-06   1.2934169e+05   3.0000000e+00             Inf
   3.0072181e+04   1.0474035e+00   1.0199094e-01   1.1779841e+00   3.0000000e+00   9.9037056e-01
   2.9223546e+04   1.6200082e+00   1.1368744e-05   2.3374857e+04   3.0000000e+00   8.7823876e-01
   3.0033679e+04   1.1528698e+00   2.1167343e-03   2.5974046e+00   3.0000000e+00   5.3156454e-01
   2.9228952e+04   1.6331467e+00   1.6392017e-04   8.5714387e+03   3.0000000e+00   1.3139068e-01
